codice_regione,denominazione_regione,Età,Maschi celibi,Maschi coniugati,Maschi divorziati,Maschi vedovi,Maschi uniti civilmente,Maschi già in unione civile (per scioglimento),Maschi già in unione civile (per decesso del partner),Totale Maschi,Femmine nubili,Femmine coniugate,Femmine divorziate,Femmine vedove,Femmine unite civilmente,Femmine già in unione civile (per scioglimento),Femmine già in unione civile (per decesso del partner),Totale Femmine,Popolazione
13,Abruzzo,0,4540,0,0,0,0,0,0,4540,4331,0,0,0,0,0,0,4331,8871
13,Abruzzo,1,4901,0,0,0,0,0,0,4901,4593,0,0,0,0,0,0,4593,9494
13,Abruzzo,2,5165,0,0,0,0,0,0,5165,4838,0,0,0,0,0,0,4838,10003
13,Abruzzo,3,5262,0,0,0,0,0,0,5262,4941,0,0,0,0,0,0,4941,10203
13,Abruzzo,4,5333,0,0,0,0,0,0,5333,5042,0,0,0,0,0,0,5042,10375
13,Abruzzo,5,5451,0,0,0,0,0,0,5451,5108,0,0,0,0,0,0,5108,10559
13,Abruzzo,6,5665,0,0,0,0,0,0,5665,5397,0,0,0,0,0,0,5397,11062
13,Abruzzo,7,5900,0,0,0,0,0,0,5900,5373,0,0,0,0,0,0,5373,11273
13,Abruzzo,8,5953,0,0,0,0,0,0,5953,5678,0,0,0,0,0,0,5678,11631
13,Abruzzo,9,5860,0,0,0,0,0,0,5860,5537,0,0,0,0,0,0,5537,11397
13,Abruzzo,10,6070,0,0,0,0,0,0,6070,5722,0,0,0,0,0,0,5722,11792
13,Abruzzo,11,5915,0,0,0,0,0,0,5915,5672,0,0,0,0,0,0,5672,11587
13,Abruzzo,12,5926,0,0,0,0,0,0,5926,5541,0,0,0,0,0,0,5541,11467
13,Abruzzo,13,5910,0,0,0,0,0,0,5910,5685,0,0,0,0,0,0,5685,11595
13,Abruzzo,14,6048,0,0,0,0,0,0,6048,5577,0,0,0,0,0,0,5577,11625
13,Abruzzo,15,5985,0,0,0,0,0,0,5985,5576,0,0,0,0,0,0,5576,11561
13,Abruzzo,16,5935,0,0,0,0,0,0,5935,5485,0,0,0,0,0,0,5485,11420
13,Abruzzo,17,6076,0,0,0,0,0,0,6076,5740,0,0,0,0,0,0,5740,11816
13,Abruzzo,18,6423,1,0,0,0,0,0,6424,5664,12,0,0,0,0,0,5676,12100
13,Abruzzo,19,6363,5,0,0,0,0,0,6368,5725,38,0,0,0,0,0,5763,12131
13,Abruzzo,20,6502,13,0,0,1,0,0,6516,5856,74,1,0,0,0,0,5931,12447
13,Abruzzo,21,6571,12,1,0,0,0,0,6584,5748,105,0,1,0,0,0,5854,12438
13,Abruzzo,22,6538,36,0,0,0,0,0,6574,5942,167,1,0,1,0,0,6111,12685
13,Abruzzo,23,6568,82,0,0,0,0,0,6650,5702,299,3,0,1,0,0,6005,12655
13,Abruzzo,24,6690,115,1,0,2,0,0,6808,5959,415,5,1,0,0,0,6380,13188
13,Abruzzo,25,6919,172,0,0,1,0,0,7092,5956,574,4,2,3,0,0,6539,13631
13,Abruzzo,26,7003,280,1,0,0,0,0,7284,6037,834,7,1,1,0,0,6880,14164
13,Abruzzo,27,6845,409,5,0,2,0,0,7261,5701,1149,11,1,1,0,0,6863,14124
13,Abruzzo,28,6765,628,3,0,0,0,0,7396,5525,1486,25,3,2,0,0,7041,14437
13,Abruzzo,29,6524,948,4,0,3,0,0,7479,5107,1840,36,5,2,0,0,6990,14469
13,Abruzzo,30,6276,1229,17,0,0,0,0,7522,4851,2337,37,6,1,0,0,7232,14754
13,Abruzzo,31,5691,1574,11,2,0,0,0,7278,4332,2789,42,8,2,1,0,7174,14452
13,Abruzzo,32,5576,1953,15,2,3,0,0,7549,4013,3225,68,9,3,0,0,7318,14867
13,Abruzzo,33,5295,2393,28,1,0,0,0,7717,3906,3531,98,11,2,0,0,7548,15265
13,Abruzzo,34,5027,2831,52,1,2,0,0,7913,3529,3934,130,12,2,1,0,7608,15521
13,Abruzzo,35,4731,3062,54,2,0,0,0,7849,3254,4238,122,15,1,0,0,7630,15479
13,Abruzzo,36,4499,3515,89,5,1,0,0,8109,3170,4758,160,23,1,0,0,8112,16221
13,Abruzzo,37,4245,3759,86,4,6,0,0,8100,2821,4920,192,35,3,0,0,7971,16071
13,Abruzzo,38,4113,4192,100,5,5,0,0,8415,2667,5127,244,47,1,0,0,8086,16501
13,Abruzzo,39,3946,4615,144,9,1,0,0,8715,2534,5621,261,39,5,0,0,8460,17175
13,Abruzzo,40,3827,5052,183,7,4,0,0,9073,2409,6018,289,38,1,0,0,8755,17828
13,Abruzzo,41,3741,5157,163,14,2,0,0,9077,2317,6133,320,65,3,0,0,8838,17915
13,Abruzzo,42,3624,5607,231,9,3,0,0,9474,2260,6597,378,73,2,0,0,9310,18784
13,Abruzzo,43,3376,5813,257,24,3,0,0,9473,2258,6943,442,87,1,0,0,9731,19204
13,Abruzzo,44,3396,6421,283,18,3,0,0,10121,2051,7297,474,127,1,0,0,9950,20071
13,Abruzzo,45,3036,6384,300,28,3,1,0,9752,1956,7511,486,116,1,0,0,10070,19822
13,Abruzzo,46,2892,6792,337,27,2,1,0,10051,1908,7715,569,136,2,0,0,10330,20381
13,Abruzzo,47,2784,6940,381,26,2,0,0,10133,1883,7986,580,165,2,0,0,10616,20749
13,Abruzzo,48,2595,7003,362,35,4,1,0,10000,1597,8004,578,180,1,0,0,10360,20360
13,Abruzzo,49,2478,7541,434,45,3,0,0,10501,1633,8165,655,228,2,0,1,10684,21185
13,Abruzzo,50,2287,7613,444,49,3,0,0,10396,1503,8273,645,242,0,0,0,10663,21059
13,Abruzzo,51,2078,7781,464,59,5,0,0,10387,1472,8491,625,269,3,0,0,10860,21247
13,Abruzzo,52,1971,8012,456,79,5,0,0,10523,1314,8557,627,357,0,0,0,10855,21378
13,Abruzzo,53,1814,8077,551,97,4,1,0,10544,1213,8620,648,379,2,0,0,10862,21406
13,Abruzzo,54,1794,8298,500,103,2,0,0,10697,1191,8549,680,411,0,1,0,10832,21529
13,Abruzzo,55,1497,7832,495,105,4,0,0,9933,1094,8139,630,477,1,1,0,10342,20275
13,Abruzzo,56,1397,7528,502,111,3,0,0,9541,992,7921,552,528,0,0,0,9993,19534
13,Abruzzo,57,1254,7337,479,110,1,0,0,9181,1009,7853,569,568,2,0,0,10001,19182
13,Abruzzo,58,1154,7396,433,126,2,0,0,9111,910,7703,574,614,2,0,0,9803,18914
13,Abruzzo,59,1058,7325,420,146,1,0,0,8950,825,7626,523,690,1,0,0,9665,18615
13,Abruzzo,60,1014,7049,395,155,0,0,0,8613,788,7265,484,711,1,0,0,9249,17862
13,Abruzzo,61,922,7047,363,175,0,0,0,8507,759,7157,437,792,0,0,0,9145,17652
13,Abruzzo,62,812,7147,387,166,2,1,0,8515,660,6883,390,936,0,0,0,8869,17384
13,Abruzzo,63,804,6972,335,194,0,0,0,8305,676,6924,398,1016,0,0,1,9015,17320
13,Abruzzo,64,781,6844,293,219,2,0,0,8139,603,6711,333,1166,1,1,0,8815,16954
13,Abruzzo,65,650,6521,295,179,1,0,0,7646,549,6276,344,1132,1,0,0,8302,15948
13,Abruzzo,66,628,6443,252,244,0,0,0,7567,540,6003,330,1310,1,0,0,8184,15751
13,Abruzzo,67,542,6411,236,245,0,0,0,7434,476,6107,319,1415,0,0,0,8317,15751
13,Abruzzo,68,518,6775,251,286,0,0,0,7830,494,6147,275,1553,0,0,0,8469,16299
13,Abruzzo,69,543,6782,227,310,1,0,0,7863,481,6067,253,1806,0,1,1,8609,16472
13,Abruzzo,70,543,6771,201,339,1,1,0,7856,492,5984,236,2063,0,0,0,8775,16631
13,Abruzzo,71,477,6442,203,378,0,0,1,7501,437,5421,234,2064,0,0,0,8156,15657
13,Abruzzo,72,453,6267,152,385,3,1,0,7261,379,5108,185,2198,0,0,0,7870,15131
13,Abruzzo,73,289,4563,120,279,2,0,0,5253,293,3767,150,1841,0,0,0,6051,11304
13,Abruzzo,74,326,4887,121,387,0,0,0,5721,320,3723,143,2193,0,0,0,6379,12100
13,Abruzzo,75,296,4533,108,387,1,0,0,5325,304,3496,128,2309,0,0,0,6237,11562
13,Abruzzo,76,299,4302,81,420,1,0,0,5103,297,3197,116,2396,0,0,0,6006,11109
13,Abruzzo,77,291,4259,72,481,1,0,0,5104,292,3049,109,2545,0,0,0,5995,11099
13,Abruzzo,78,294,4652,83,583,1,0,0,5613,358,3307,107,3148,0,0,0,6920,12533
13,Abruzzo,79,269,4511,104,591,0,0,0,5475,337,2999,100,3471,0,0,0,6907,12382
13,Abruzzo,80,227,3945,82,656,0,0,0,4910,341,2466,79,3315,0,0,0,6201,11111
13,Abruzzo,81,220,3742,51,647,0,0,0,4660,295,2226,72,3441,0,0,0,6034,10694
13,Abruzzo,82,210,3288,52,589,0,0,0,4139,303,1849,65,3420,0,0,0,5637,9776
13,Abruzzo,83,174,3055,39,659,0,0,0,3927,305,1711,62,3520,0,0,0,5598,9525
13,Abruzzo,84,149,2637,26,677,0,0,0,3489,262,1370,42,3566,0,0,0,5240,8729
13,Abruzzo,85,143,2408,25,690,2,0,0,3268,273,1208,51,3585,0,0,0,5117,8385
13,Abruzzo,86,119,1986,24,631,0,0,0,2760,255,932,28,3182,0,0,1,4398,7158
13,Abruzzo,87,94,1701,20,627,0,0,0,2442,259,755,32,3177,0,0,0,4223,6665
13,Abruzzo,88,93,1486,16,670,0,0,0,2265,269,647,29,3180,0,0,0,4125,6390
13,Abruzzo,89,55,1146,15,513,0,0,0,1729,225,442,21,2624,0,0,1,3313,5042
13,Abruzzo,90,47,845,9,482,0,0,0,1383,174,358,19,2352,0,0,0,2903,4286
13,Abruzzo,91,46,644,5,442,0,0,0,1137,172,239,14,2176,0,0,0,2601,3738
13,Abruzzo,92,33,424,4,365,0,0,0,826,139,170,12,1716,0,0,0,2037,2863
13,Abruzzo,93,22,319,4,315,0,0,0,660,129,125,9,1374,0,0,0,1637,2297
13,Abruzzo,94,15,216,2,256,0,0,0,489,105,74,11,1113,0,0,0,1303,1792
13,Abruzzo,95,16,150,1,177,0,0,0,344,60,56,4,898,0,0,0,1018,1362
13,Abruzzo,96,8,96,1,127,0,0,0,232,59,33,6,692,0,0,0,790,1022
13,Abruzzo,97,4,76,1,123,0,0,0,204,42,14,1,508,0,0,0,565,769
13,Abruzzo,98,6,43,0,62,0,0,0,111,22,18,1,348,0,0,0,389,500
13,Abruzzo,99,0,13,0,31,0,0,0,44,20,6,1,164,0,0,0,191,235
13,Abruzzo,100,6,22,0,42,0,0,0,70,22,15,0,289,0,0,0,326,396
17,Basilicata,0,1850,0,0,0,0,0,0,1850,1839,0,0,0,0,0,0,1839,3689
17,Basilicata,1,2061,0,0,0,0,0,0,2061,1865,0,0,0,0,0,0,1865,3926
17,Basilicata,2,2054,0,0,0,0,0,0,2054,1955,0,0,0,0,0,0,1955,4009
17,Basilicata,3,2078,0,0,0,0,0,0,2078,1981,0,0,0,0,0,0,1981,4059
17,Basilicata,4,2054,0,0,0,0,0,0,2054,2022,0,0,0,0,0,0,2022,4076
17,Basilicata,5,2110,0,0,0,0,0,0,2110,1960,0,0,0,0,0,0,1960,4070
17,Basilicata,6,2327,0,0,0,0,0,0,2327,2124,0,0,0,0,0,0,2124,4451
17,Basilicata,7,2261,0,0,0,0,0,0,2261,2154,0,0,0,0,0,0,2154,4415
17,Basilicata,8,2337,0,0,0,0,0,0,2337,2221,0,0,0,0,0,0,2221,4558
17,Basilicata,9,2459,0,0,0,0,0,0,2459,2279,0,0,0,0,0,0,2279,4738
17,Basilicata,10,2546,0,0,0,0,0,0,2546,2345,0,0,0,0,0,0,2345,4891
17,Basilicata,11,2522,0,0,0,0,0,0,2522,2321,0,0,0,0,0,0,2321,4843
17,Basilicata,12,2612,0,0,0,0,0,0,2612,2389,0,0,0,0,0,0,2389,5001
17,Basilicata,13,2557,0,0,0,0,0,0,2557,2402,0,0,0,0,0,0,2402,4959
17,Basilicata,14,2632,0,0,0,0,0,0,2632,2650,0,0,0,0,0,0,2650,5282
17,Basilicata,15,2789,0,0,0,0,0,0,2789,2536,0,0,0,0,0,0,2536,5325
17,Basilicata,16,2834,0,0,0,0,0,0,2834,2657,0,0,0,0,0,0,2657,5491
17,Basilicata,17,2921,0,0,0,0,0,0,2921,2620,0,0,0,0,0,0,2620,5541
17,Basilicata,18,3101,0,0,0,0,0,0,3101,2704,2,0,0,0,0,0,2706,5807
17,Basilicata,19,3073,0,3,0,0,0,0,3076,2754,9,0,0,0,0,0,2763,5839
17,Basilicata,20,3183,3,0,0,0,0,0,3186,2662,25,0,0,0,0,0,2687,5873
17,Basilicata,21,3117,5,1,0,0,0,0,3123,2716,48,0,0,0,0,0,2764,5887
17,Basilicata,22,3133,21,0,0,0,0,0,3154,2715,75,0,1,0,0,0,2791,5945
17,Basilicata,23,3151,21,0,0,0,0,0,3172,2757,108,0,0,0,0,0,2865,6037
17,Basilicata,24,3137,61,0,0,0,0,0,3198,2810,180,3,0,0,0,0,2993,6191
17,Basilicata,25,3271,64,1,0,0,0,0,3336,2777,244,2,0,0,0,0,3023,6359
17,Basilicata,26,3411,128,2,0,0,0,0,3541,2902,391,2,1,0,0,0,3296,6837
17,Basilicata,27,3211,199,1,1,0,0,0,3412,2703,552,5,1,0,0,0,3261,6673
17,Basilicata,28,3329,296,2,0,1,0,0,3628,2518,803,14,1,0,0,0,3336,6964
17,Basilicata,29,3095,413,4,0,0,0,0,3512,2281,932,9,4,0,0,0,3226,6738
17,Basilicata,30,2836,600,4,1,0,0,0,3441,2095,1155,18,2,0,0,0,3270,6711
17,Basilicata,31,2709,755,10,0,0,0,0,3474,1865,1274,21,3,0,0,0,3163,6637
17,Basilicata,32,2504,884,8,0,0,0,0,3396,1619,1469,26,5,0,0,0,3119,6515
17,Basilicata,33,2399,1094,10,1,1,0,0,3505,1485,1668,40,1,0,0,0,3194,6699
17,Basilicata,34,2227,1283,10,1,0,0,0,3521,1403,1832,46,9,0,0,0,3290,6811
17,Basilicata,35,2009,1387,14,1,1,0,0,3412,1203,2043,45,6,0,0,0,3297,6709
17,Basilicata,36,1805,1571,34,1,1,0,0,3412,1173,2132,57,15,0,0,0,3377,6789
17,Basilicata,37,1709,1707,28,4,0,0,0,3448,966,2253,64,18,0,0,0,3301,6749
17,Basilicata,38,1577,1841,43,4,0,0,0,3465,945,2276,66,10,0,0,0,3297,6762
17,Basilicata,39,1516,1969,40,4,0,0,0,3529,824,2431,82,20,0,0,0,3357,6886
17,Basilicata,40,1523,2209,52,0,0,0,0,3784,769,2640,99,24,0,0,0,3532,7316
17,Basilicata,41,1390,2227,66,2,0,0,0,3685,788,2845,129,20,0,0,0,3782,7467
17,Basilicata,42,1429,2560,63,5,0,0,0,4057,805,2928,140,42,0,0,0,3915,7972
17,Basilicata,43,1304,2611,79,5,0,0,0,3999,761,3162,124,36,0,0,0,4083,8082
17,Basilicata,44,1279,2841,82,7,2,0,0,4211,728,3177,127,45,0,0,0,4077,8288
17,Basilicata,45,1132,2857,99,12,2,0,0,4102,685,3130,167,56,0,0,0,4038,8140
17,Basilicata,46,1048,2913,102,13,2,0,0,4078,682,3340,172,65,0,0,0,4259,8337
17,Basilicata,47,1067,2984,96,15,0,0,0,4162,627,3415,154,72,0,0,0,4268,8430
17,Basilicata,48,897,3138,111,26,1,0,0,4173,619,3482,169,91,0,0,0,4361,8534
17,Basilicata,49,916,3363,116,21,0,0,0,4416,593,3492,157,124,0,0,0,4366,8782
17,Basilicata,50,878,3330,113,25,1,0,0,4347,592,3579,170,128,1,0,0,4470,8817
17,Basilicata,51,823,3502,120,31,1,0,0,4477,553,3751,181,157,1,0,0,4643,9120
17,Basilicata,52,750,3381,102,36,0,0,0,4269,549,3724,151,160,0,0,0,4584,8853
17,Basilicata,53,768,3487,128,35,0,0,0,4418,532,3723,151,162,0,0,0,4568,8986
17,Basilicata,54,669,3721,134,45,0,0,0,4569,546,3850,173,170,0,0,0,4739,9308
17,Basilicata,55,603,3551,153,56,0,0,0,4363,510,3568,137,224,0,0,0,4439,8802
17,Basilicata,56,590,3640,147,44,0,0,0,4421,461,3620,143,249,0,0,0,4473,8894
17,Basilicata,57,525,3483,130,61,0,0,0,4199,422,3570,152,285,0,0,0,4429,8628
17,Basilicata,58,442,3480,108,57,0,0,0,4087,432,3479,159,324,0,0,0,4394,8481
17,Basilicata,59,477,3325,102,58,0,0,0,3962,425,3312,107,335,0,0,0,4179,8141
17,Basilicata,60,393,3319,97,55,1,0,0,3865,391,3142,113,355,0,0,0,4001,7866
17,Basilicata,61,395,3047,99,64,0,0,0,3605,365,3166,115,424,0,0,0,4070,7675
17,Basilicata,62,344,3281,102,76,0,0,0,3803,357,3146,102,424,0,0,0,4029,7832
17,Basilicata,63,346,3214,81,91,0,0,0,3732,294,2949,95,429,0,0,0,3767,7499
17,Basilicata,64,273,3161,81,97,0,0,0,3612,314,2957,91,508,0,0,0,3870,7482
17,Basilicata,65,267,2960,75,98,0,0,0,3400,288,2615,65,546,0,0,0,3514,6914
17,Basilicata,66,218,2887,74,101,0,0,0,3280,298,2586,75,572,0,0,0,3531,6811
17,Basilicata,67,216,2794,69,121,0,0,0,3200,224,2563,64,631,0,0,0,3482,6682
17,Basilicata,68,206,2980,71,132,0,0,0,3389,245,2488,55,712,0,0,0,3500,6889
17,Basilicata,69,204,3025,52,143,0,0,0,3424,223,2482,68,763,0,0,0,3536,6960
17,Basilicata,70,194,2992,51,154,0,0,0,3391,252,2460,48,970,0,0,0,3730,7121
17,Basilicata,71,184,2623,48,166,0,0,0,3021,238,2169,50,931,0,0,0,3388,6409
17,Basilicata,72,149,2391,42,170,0,0,0,2752,198,1929,40,906,0,0,0,3073,5825
17,Basilicata,73,105,1804,33,123,0,0,0,2065,182,1443,29,825,0,0,0,2479,4544
17,Basilicata,74,108,1804,27,140,0,0,0,2079,159,1329,20,831,0,0,0,2339,4418
17,Basilicata,75,94,1761,20,165,0,0,0,2040,152,1269,27,872,0,0,0,2320,4360
17,Basilicata,76,83,1669,15,178,0,0,0,1945,156,1204,25,1022,0,0,0,2407,4352
17,Basilicata,77,88,1607,15,193,0,0,0,1903,145,1183,20,1030,0,0,0,2378,4281
17,Basilicata,78,106,1907,24,242,0,0,0,2279,163,1218,23,1317,0,0,0,2721,5000
17,Basilicata,79,92,1880,16,276,0,0,0,2264,169,1215,18,1469,0,0,0,2871,5135
17,Basilicata,80,65,1691,15,265,0,0,0,2036,169,1078,13,1458,0,0,0,2718,4754
17,Basilicata,81,93,1558,13,310,0,0,0,1974,175,965,24,1555,0,0,0,2719,4693
17,Basilicata,82,89,1395,16,313,0,0,0,1813,147,820,10,1530,0,0,0,2507,4320
17,Basilicata,83,59,1257,9,308,0,0,0,1633,157,750,12,1529,0,0,0,2448,4081
17,Basilicata,84,62,1163,8,339,0,0,0,1572,147,632,7,1608,0,0,0,2394,3966
17,Basilicata,85,53,1016,4,334,0,0,0,1407,129,498,16,1568,0,0,0,2211,3618
17,Basilicata,86,34,856,3,310,0,0,0,1203,143,384,8,1364,0,0,0,1899,3102
17,Basilicata,87,38,685,1,334,0,0,0,1058,108,319,8,1306,0,0,0,1741,2799
17,Basilicata,88,40,609,5,306,0,0,0,960,114,257,4,1326,0,0,0,1701,2661
17,Basilicata,89,26,473,4,276,0,0,0,779,110,172,4,1103,0,0,0,1389,2168
17,Basilicata,90,27,359,5,231,0,0,0,622,86,115,3,922,0,0,0,1126,1748
17,Basilicata,91,19,294,2,189,0,0,0,504,64,94,5,805,0,0,0,968,1472
17,Basilicata,92,9,172,1,172,0,0,0,354,62,54,1,708,0,0,0,825,1179
17,Basilicata,93,9,116,0,127,0,0,0,252,42,48,2,524,0,0,0,616,868
17,Basilicata,94,9,77,1,122,0,0,0,209,41,29,1,372,0,0,0,443,652
17,Basilicata,95,5,68,0,103,0,0,0,176,24,18,0,328,0,0,0,370,546
17,Basilicata,96,4,45,0,67,0,0,0,116,22,9,1,253,0,0,0,285,401
17,Basilicata,97,3,14,1,55,0,0,0,73,11,8,1,208,0,0,0,228,301
17,Basilicata,98,4,14,0,29,0,0,0,47,4,3,1,113,0,0,0,121,168
17,Basilicata,99,0,5,0,12,0,0,0,17,5,3,1,58,0,0,0,67,84
17,Basilicata,100,0,3,0,15,0,0,0,18,12,4,0,79,0,0,0,95,113
18,Calabria,0,7726,0,0,0,0,0,0,7726,7310,0,0,0,0,0,0,7310,15036
18,Calabria,1,8032,0,0,0,0,0,0,8032,7649,0,0,0,0,0,0,7649,15681
18,Calabria,2,8225,0,0,0,0,0,0,8225,7754,0,0,0,0,0,0,7754,15979
18,Calabria,3,8361,0,0,0,0,0,0,8361,7914,0,0,0,0,0,0,7914,16275
18,Calabria,4,8488,0,0,0,0,0,0,8488,7895,0,0,0,0,0,0,7895,16383
18,Calabria,5,8391,0,0,0,0,0,0,8391,8055,0,0,0,0,0,0,8055,16446
18,Calabria,6,8713,0,0,0,0,0,0,8713,8090,0,0,0,0,0,0,8090,16803
18,Calabria,7,8885,0,0,0,0,0,0,8885,8282,0,0,0,0,0,0,8282,17167
18,Calabria,8,8979,0,0,0,0,0,0,8979,8658,0,0,0,0,0,0,8658,17637
18,Calabria,9,9291,0,0,0,0,0,0,9291,8614,0,0,0,0,0,0,8614,17905
18,Calabria,10,9110,0,0,0,0,0,0,9110,8918,0,0,0,0,0,0,8918,18028
18,Calabria,11,9355,0,0,0,0,0,0,9355,8749,0,0,0,0,0,0,8749,18104
18,Calabria,12,9656,0,0,0,0,0,0,9656,8967,0,0,0,0,0,0,8967,18623
18,Calabria,13,9492,0,0,0,0,0,0,9492,8922,0,0,0,0,0,0,8922,18414
18,Calabria,14,9827,0,0,0,0,0,0,9827,9155,0,0,0,0,0,0,9155,18982
18,Calabria,15,9850,0,0,0,0,0,0,9850,9203,0,0,0,0,0,0,9203,19053
18,Calabria,16,9820,0,0,0,0,0,0,9820,9058,0,0,0,0,0,0,9058,18878
18,Calabria,17,10112,1,0,0,0,0,0,10113,9557,2,0,1,0,0,0,9560,19673
18,Calabria,18,10665,1,1,0,0,0,0,10667,9745,10,0,0,0,0,0,9755,20422
18,Calabria,19,10778,11,0,1,0,0,0,10790,9657,51,1,0,0,0,0,9709,20499
18,Calabria,20,10846,22,0,0,0,0,0,10868,9876,147,0,0,0,0,0,10023,20891
18,Calabria,21,10811,33,1,1,0,0,0,10846,9600,257,2,0,0,0,0,9859,20705
18,Calabria,22,11107,73,1,0,0,0,0,11181,9611,460,2,0,1,0,0,10074,21255
18,Calabria,23,11145,140,1,0,1,0,0,11287,9834,647,3,0,0,0,0,10484,21771
18,Calabria,24,11408,249,2,1,1,0,0,11661,9626,986,6,2,0,0,0,10620,22281
18,Calabria,25,11577,441,6,3,0,0,0,12027,9666,1535,13,2,0,0,0,11216,23243
18,Calabria,26,11603,677,8,0,0,0,0,12288,9560,2170,11,1,2,0,0,11744,24032
18,Calabria,27,11139,1093,12,0,1,0,0,12245,8870,2640,25,7,0,1,0,11543,23788
18,Calabria,28,11065,1541,14,0,2,0,0,12622,8380,3341,33,7,0,0,0,11761,24383
18,Calabria,29,10657,2068,17,2,1,0,0,12745,7569,4318,49,5,0,1,0,11942,24687
18,Calabria,30,10105,2808,23,2,0,0,0,12938,7090,5076,65,7,0,0,0,12238,25176
18,Calabria,31,9237,3302,26,3,0,0,0,12568,6332,5718,83,11,0,0,0,12144,24712
18,Calabria,32,8504,3925,41,4,2,1,0,12477,5558,6249,85,30,0,0,0,11922,24399
18,Calabria,33,7874,4527,40,4,1,1,0,12447,5151,6671,99,21,0,0,0,11942,24389
18,Calabria,34,7391,5302,51,6,1,0,0,12751,4664,7085,152,33,0,0,0,11934,24685
18,Calabria,35,6748,5664,73,3,1,0,0,12489,4094,7690,159,34,0,0,0,11977,24466
18,Calabria,36,6290,6162,93,4,1,0,0,12550,3871,8262,163,47,1,0,0,12344,24894
18,Calabria,37,5900,6573,86,7,1,0,0,12567,3565,8454,203,51,0,0,0,12273,24840
18,Calabria,38,5452,7189,111,10,1,0,0,12763,3309,8812,230,58,0,0,0,12409,25172
18,Calabria,39,5160,7515,138,16,1,0,0,12830,3182,9214,278,63,1,0,0,12738,25568
18,Calabria,40,4856,8020,164,23,1,0,0,13064,2993,9451,275,89,0,1,0,12809,25873
18,Calabria,41,4572,8246,173,18,1,0,0,13010,2915,10076,323,107,0,0,0,13421,26431
18,Calabria,42,4563,9048,180,22,1,0,0,13814,2825,10589,364,142,1,0,0,13921,27735
18,Calabria,43,4274,9210,217,24,3,0,0,13728,2609,10662,410,159,3,0,0,13843,27571
18,Calabria,44,4005,9471,246,28,0,1,0,13751,2556,11049,397,163,2,0,0,14167,27918
18,Calabria,45,3878,9507,285,44,2,0,0,13716,2380,10974,439,239,2,0,0,14034,27750
18,Calabria,46,3541,9714,280,58,1,0,0,13594,2318,11304,488,254,1,0,0,14365,27959
18,Calabria,47,3379,10034,270,59,1,0,0,13743,2220,11653,511,296,4,0,0,14684,28427
18,Calabria,48,3093,10182,338,50,0,0,0,13663,2261,11339,508,354,0,0,0,14462,28125
18,Calabria,49,3095,10674,350,61,0,0,0,14180,2259,12286,514,382,0,0,0,15441,29621
18,Calabria,50,2966,10842,335,72,3,0,0,14218,2150,11957,539,440,1,0,0,15087,29305
18,Calabria,51,2738,11085,380,95,1,0,0,14299,2045,12153,535,536,1,1,0,15271,29570
18,Calabria,52,2544,11223,353,100,1,0,0,14221,1948,12319,504,591,1,0,0,15363,29584
18,Calabria,53,2386,11300,389,128,2,0,0,14205,1857,12098,550,654,0,0,0,15159,29364
18,Calabria,54,2380,11892,411,155,4,0,0,14842,1928,12585,516,804,0,0,0,15833,30675
18,Calabria,55,2069,11476,345,147,1,1,0,14039,1650,11967,492,838,1,0,0,14948,28987
18,Calabria,56,1954,11432,328,153,0,0,0,13867,1646,11966,482,870,0,0,0,14964,28831
18,Calabria,57,1868,11400,358,167,0,0,0,13793,1590,11655,441,1074,1,0,0,14761,28554
18,Calabria,58,1749,11358,361,175,2,0,0,13645,1478,11434,454,1183,3,0,0,14552,28197
18,Calabria,59,1601,11177,340,192,0,0,0,13310,1435,11034,399,1267,0,0,0,14135,27445
18,Calabria,60,1487,10407,311,217,0,1,0,12423,1234,10223,415,1291,0,0,0,13163,25586
18,Calabria,61,1331,10959,334,263,0,0,0,12887,1249,10220,408,1471,0,0,0,13348,26235
18,Calabria,62,1233,10580,257,256,0,0,0,12326,1127,10022,372,1534,0,0,0,13055,25381
18,Calabria,63,1150,10608,286,254,0,0,0,12298,1096,9823,344,1687,0,0,0,12950,25248
18,Calabria,64,1087,10593,258,294,0,0,0,12232,1039,9546,307,1897,0,0,0,12789,25021
18,Calabria,65,949,9981,262,337,2,0,0,11531,1007,8811,301,1884,0,0,0,12003,23534
18,Calabria,66,830,9474,244,343,0,0,0,10891,905,8191,274,2030,0,0,0,11400,22291
18,Calabria,67,808,9640,205,367,0,0,0,11020,896,8192,275,2335,0,0,0,11698,22718
18,Calabria,68,762,9855,199,412,1,0,0,11229,917,8136,274,2553,0,0,0,11880,23109
18,Calabria,69,719,9734,252,472,0,0,0,11177,873,7876,243,2846,0,0,0,11838,23015
18,Calabria,70,702,9733,168,507,1,0,0,11111,821,7835,217,3158,0,0,0,12031,23142
18,Calabria,71,667,9404,175,526,0,0,0,10772,787,7300,210,3319,0,0,0,11616,22388
18,Calabria,72,611,8419,146,582,0,0,0,9758,744,6390,172,3378,0,0,0,10684,20442
18,Calabria,73,409,6501,131,483,0,0,0,7524,593,4764,149,2754,0,0,0,8260,15784
18,Calabria,74,424,6482,108,544,1,0,0,7559,570,4481,126,2962,0,0,0,8139,15698
18,Calabria,75,365,6159,103,531,0,0,0,7158,621,4253,114,3245,0,0,0,8233,15391
18,Calabria,76,336,6012,89,591,0,0,0,7028,541,3930,105,3501,0,0,0,8077,15105
18,Calabria,77,369,5570,87,620,0,0,0,6646,528,3580,97,3563,0,0,0,7768,14414
18,Calabria,78,350,6156,80,821,0,0,0,7407,577,3848,119,4360,0,0,0,8904,16311
18,Calabria,79,331,5781,78,875,0,0,0,7065,594,3519,93,4414,0,0,0,8620,15685
18,Calabria,80,289,5122,58,851,0,0,0,6320,559,3148,96,4449,0,0,0,8252,14572
18,Calabria,81,246,4766,49,865,0,0,0,5926,533,2623,68,4434,0,0,0,7658,13584
18,Calabria,82,229,4254,37,867,0,0,0,5387,511,2356,58,4604,0,0,0,7529,12916
18,Calabria,83,214,3946,35,990,0,0,0,5185,530,2123,64,4595,0,0,0,7312,12497
18,Calabria,84,184,3485,33,1017,0,0,0,4719,472,1701,60,4633,0,0,0,6866,11585
18,Calabria,85,200,3173,21,1061,0,0,0,4455,497,1455,53,4593,0,0,0,6598,11053
18,Calabria,86,127,2605,19,940,0,0,0,3691,469,1127,33,4366,0,0,0,5995,9686
18,Calabria,87,116,2166,11,882,0,0,0,3175,431,954,41,3952,0,0,0,5378,8553
18,Calabria,88,98,1813,19,890,0,0,0,2820,384,730,32,3741,0,0,0,4887,7707
18,Calabria,89,91,1364,5,764,0,0,0,2224,340,541,29,3153,0,0,0,4063,6287
18,Calabria,90,66,1023,14,678,0,0,0,1781,279,415,15,2697,0,0,0,3406,5187
18,Calabria,91,53,752,6,588,0,0,0,1399,267,278,10,2324,0,0,0,2879,4278
18,Calabria,92,54,564,3,508,0,0,0,1129,231,209,17,1959,0,0,0,2416,3545
18,Calabria,93,31,402,4,392,0,0,0,829,186,149,15,1591,0,0,0,1941,2770
18,Calabria,94,25,300,2,302,0,0,0,629,154,110,7,1290,0,0,0,1561,2190
18,Calabria,95,22,187,1,249,0,0,0,459,111,71,8,986,0,0,0,1176,1635
18,Calabria,96,12,139,2,173,0,0,0,326,86,53,7,648,0,0,0,794,1120
18,Calabria,97,15,79,1,107,0,0,0,202,53,33,5,536,0,0,0,627,829
18,Calabria,98,10,64,1,93,0,0,0,168,53,26,4,373,0,0,0,456,624
18,Calabria,99,3,16,0,39,0,0,0,58,26,21,1,174,0,0,0,222,280
18,Calabria,100,12,45,1,68,0,0,0,126,47,22,2,291,0,0,0,362,488
15,Campania,0,24740,0,0,0,0,0,0,24740,23096,0,0,0,0,0,0,23096,47836
15,Campania,1,25506,0,0,0,0,0,0,25506,24336,0,0,0,0,0,0,24336,49842
15,Campania,2,25709,0,0,0,0,0,0,25709,24346,0,0,0,0,0,0,24346,50055
15,Campania,3,26104,0,0,0,0,0,0,26104,24753,0,0,0,0,0,0,24753,50857
15,Campania,4,26633,0,0,0,0,0,0,26633,24897,0,0,0,0,0,0,24897,51530
15,Campania,5,26824,0,0,0,0,0,0,26824,25759,0,0,0,0,0,0,25759,52583
15,Campania,6,28349,0,0,0,0,0,0,28349,26564,0,0,0,0,0,0,26564,54913
15,Campania,7,28993,0,0,0,0,0,0,28993,27169,0,0,0,0,0,0,27169,56162
15,Campania,8,29910,0,0,0,0,0,0,29910,27841,0,0,0,0,0,0,27841,57751
15,Campania,9,30374,0,0,0,0,0,0,30374,29009,0,0,0,0,0,0,29009,59383
15,Campania,10,30743,0,0,0,0,0,0,30743,29443,0,0,0,0,0,0,29443,60186
15,Campania,11,31307,0,0,0,0,0,0,31307,29968,0,0,0,0,0,0,29968,61275
15,Campania,12,31875,0,0,0,0,0,0,31875,29832,0,0,0,0,0,0,29832,61707
15,Campania,13,31965,0,0,0,0,0,0,31965,30227,0,0,0,0,0,0,30227,62192
15,Campania,14,33121,0,0,0,0,0,0,33121,31209,0,0,0,0,0,0,31209,64330
15,Campania,15,33224,0,0,0,0,0,0,33224,31926,0,0,0,0,0,0,31926,65150
15,Campania,16,33090,0,0,0,0,0,0,33090,31505,0,0,0,0,0,0,31505,64595
15,Campania,17,34147,3,1,0,0,0,0,34151,32031,5,0,0,0,0,0,32036,66187
15,Campania,18,34961,5,1,1,0,0,0,34968,32613,39,1,0,0,0,0,32653,67621
15,Campania,19,35530,16,1,0,0,0,0,35547,32524,154,1,1,0,0,0,32680,68227
15,Campania,20,36032,80,1,0,0,0,0,36113,32340,371,2,1,0,0,0,32714,68827
15,Campania,21,35855,140,2,0,3,0,0,36000,32142,749,4,0,0,0,0,32895,68895
15,Campania,22,35789,306,6,0,0,0,0,36101,32217,1242,6,1,0,0,0,33466,69567
15,Campania,23,35139,554,17,0,1,0,0,35711,32062,2020,8,2,1,0,0,34093,69804
15,Campania,24,35378,959,18,0,2,0,0,36357,31316,3008,20,1,1,0,0,34346,70703
15,Campania,25,35207,1490,12,0,4,0,0,36713,30818,4450,34,4,1,0,0,35307,72020
15,Campania,26,35637,2524,24,3,4,0,0,38192,30317,6477,42,13,3,0,0,36852,75044
15,Campania,27,33993,3540,36,1,1,0,0,37571,28039,8544,73,10,0,0,0,36666,74237
15,Campania,28,32184,5089,52,2,5,1,0,37333,25527,10669,97,14,5,0,0,36312,73645
15,Campania,29,30020,6795,62,4,5,0,0,36886,22823,13294,129,25,2,0,0,36273,73159
15,Campania,30,28378,8709,83,4,3,0,0,37177,20553,15997,157,24,15,0,1,36747,73924
15,Campania,31,25288,10847,111,5,4,0,0,36255,17288,17548,214,59,7,0,0,35116,71371
15,Campania,32,22696,12896,122,4,8,0,0,35726,15294,19456,246,49,10,0,1,35056,70782
15,Campania,33,21170,15377,138,12,14,0,0,36711,13645,21459,285,69,1,0,0,35459,72170
15,Campania,34,19254,17058,178,18,2,0,0,36510,12423,23569,387,107,5,0,0,36491,73001
15,Campania,35,17543,19084,224,17,8,0,0,36876,11080,25112,438,105,4,1,0,36740,73616
15,Campania,36,16615,21078,254,26,8,0,0,37981,10186,26498,498,144,5,1,0,37332,75313
15,Campania,37,14817,21867,279,28,8,0,0,36999,9344,27296,546,156,3,0,0,37345,74344
15,Campania,38,13862,23385,354,31,9,1,0,37642,8478,28168,649,201,3,0,0,37499,75141
15,Campania,39,12935,24827,409,42,15,0,0,38228,8131,29383,829,230,8,1,0,38582,76810
15,Campania,40,12470,26164,448,55,9,0,0,39146,7748,30778,937,325,5,0,0,39793,78939
15,Campania,41,11862,27467,516,64,16,1,0,39926,7547,31648,972,371,8,0,0,40546,80472
15,Campania,42,11511,29059,608,83,11,1,0,41273,7636,33062,1054,452,2,0,0,42206,83479
15,Campania,43,11322,30638,689,98,16,0,0,42763,7282,34361,1156,543,6,0,0,43348,86111
15,Campania,44,10731,32145,758,115,8,0,0,43757,7323,36209,1326,646,4,1,0,45509,89266
15,Campania,45,9852,32046,828,138,16,0,0,42880,6785,36008,1364,727,8,0,0,44892,87772
15,Campania,46,9298,32817,818,151,9,0,0,43093,6572,36333,1497,814,3,0,0,45219,88312
15,Campania,47,8731,33159,903,207,14,0,1,43015,6355,36778,1613,987,4,0,0,45737,88752
15,Campania,48,7965,33124,940,224,19,0,0,42272,6086,36358,1641,990,5,0,0,45080,87352
15,Campania,49,7545,34854,974,246,13,0,0,43632,5983,37201,1636,1236,3,1,0,46060,89692
15,Campania,50,7053,35012,1029,275,8,0,0,43377,5712,37344,1688,1427,2,0,0,46173,89550
15,Campania,51,6694,35678,1084,288,11,0,0,43755,5690,37747,1816,1544,6,0,0,46803,90558
15,Campania,52,6279,36346,1107,384,9,0,0,44125,5681,37754,1803,1806,3,0,1,47048,91173
15,Campania,53,5783,36872,1138,419,13,0,0,44225,5282,37735,1819,2028,3,0,0,46867,91092
15,Campania,54,5599,37523,1236,482,13,0,0,44853,5266,38243,1844,2491,2,0,1,47847,92700
15,Campania,55,4892,35324,1106,532,16,0,0,41870,4963,36085,1698,2544,1,0,0,45291,87161
15,Campania,56,4489,34581,1082,554,10,0,0,40716,4718,35263,1638,2848,3,0,0,44470,85186
15,Campania,57,4043,34064,987,618,15,0,0,39727,4390,34277,1630,3087,2,0,1,43387,83114
15,Campania,58,3786,32585,969,666,12,0,0,38018,4209,32602,1509,3377,0,1,0,41698,79716
15,Campania,59,3302,32624,879,741,10,0,0,37556,4156,31408,1453,3721,4,0,0,40742,78298
15,Campania,60,3049,30878,841,742,7,0,0,35517,3803,29699,1380,3881,1,0,1,38765,74282
15,Campania,61,2827,30480,874,891,13,0,0,35085,3494,29119,1362,4167,0,0,0,38142,73227
15,Campania,62,2399,29080,774,925,6,1,0,33185,3183,27694,1227,4454,2,0,0,36560,69745
15,Campania,63,2330,29821,745,1022,5,1,0,33924,3196,27177,1149,5004,2,0,0,36528,70452
15,Campania,64,2133,29143,685,1095,4,0,0,33060,3097,26747,1114,5410,1,0,1,36370,69430
15,Campania,65,1882,26837,613,1144,3,0,0,30479,2671,23931,956,5461,0,0,0,33019,63498
15,Campania,66,1769,25871,577,1186,7,0,0,29410,2638,22579,952,5783,2,0,0,31954,61364
15,Campania,67,1569,25875,539,1374,6,0,0,29363,2479,22115,872,6318,0,1,0,31785,61148
15,Campania,68,1535,26044,558,1482,2,1,1,29623,2565,22014,896,6973,1,1,0,32450,62073
15,Campania,69,1465,25649,500,1594,3,0,1,29212,2439,21531,825,7652,0,0,0,32447,61659
15,Campania,70,1411,25956,449,1872,3,0,0,29691,2549,21149,808,8476,0,0,0,32982,62673
15,Campania,71,1314,24532,474,1904,2,0,0,28226,2405,19653,717,9060,1,0,0,31836,60062
15,Campania,72,1193,24485,390,2100,6,0,1,28175,2255,18941,641,9977,0,0,0,31814,59989
15,Campania,73,921,19557,315,1982,5,0,0,22780,1935,14806,511,8650,0,0,0,25902,48682
15,Campania,74,741,16146,254,1799,3,0,1,18944,1645,11983,423,8198,0,0,0,22249,41193
15,Campania,75,808,16697,226,1984,1,0,0,19716,1866,12455,395,9528,1,0,0,24245,43961
15,Campania,76,698,15551,237,2075,0,0,0,18561,1741,11229,370,9630,0,0,0,22970,41531
15,Campania,77,651,14071,206,2145,0,0,0,17073,1689,10129,350,10006,1,0,0,22175,39248
15,Campania,78,679,14995,176,2485,1,0,1,18337,1850,10246,319,11502,1,0,0,23918,42255
15,Campania,79,570,13930,155,2597,1,0,0,17253,1757,9269,303,11890,1,0,0,23220,40473
15,Campania,80,520,12019,142,2621,1,0,0,15303,1631,7897,247,11470,0,0,0,21245,36548
15,Campania,81,492,10756,109,2575,0,0,0,13932,1484,6602,265,11464,0,0,0,19815,33747
15,Campania,82,451,8979,101,2514,0,0,1,12046,1385,5510,204,11099,0,0,0,18198,30244
15,Campania,83,376,8454,79,2674,0,0,0,11583,1317,4847,184,11401,0,0,1,17750,29333
15,Campania,84,360,7059,58,2509,1,0,0,9987,1274,3850,163,10850,0,0,0,16137,26124
15,Campania,85,322,6313,64,2520,0,0,0,9219,1259,3245,149,10624,0,0,0,15277,24496
15,Campania,86,311,5214,43,2403,1,0,0,7972,1077,2566,120,9986,0,0,0,13749,21721
15,Campania,87,205,4289,33,2249,1,0,0,6777,1021,2090,106,9240,0,0,1,12458,19235
15,Campania,88,226,3537,31,2104,0,0,0,5898,1031,1739,104,8818,0,0,0,11692,17590
15,Campania,89,171,2594,28,1745,1,0,0,4539,868,1172,93,7231,0,0,1,9365,13904
15,Campania,90,128,1880,19,1547,0,0,0,3574,708,869,76,6364,0,0,0,8017,11591
15,Campania,91,101,1369,15,1294,0,0,0,2779,630,562,48,5392,0,0,0,6632,9411
15,Campania,92,98,961,10,1054,0,0,0,2123,509,452,32,4212,0,0,0,5205,7328
15,Campania,93,70,637,10,790,0,0,0,1507,450,299,42,3495,0,0,0,4286,5793
15,Campania,94,56,433,3,604,0,0,0,1096,293,193,24,2713,0,0,0,3223,4319
15,Campania,95,35,312,4,429,0,0,0,780,244,133,14,2036,0,0,0,2427,3207
15,Campania,96,30,194,4,341,0,0,0,569,164,90,11,1498,0,0,0,1763,2332
15,Campania,97,31,127,3,220,0,0,0,381,143,64,5,1112,0,0,0,1324,1705
15,Campania,98,23,76,0,172,0,0,0,271,95,44,5,742,0,0,0,886,1157
15,Campania,99,13,30,1,69,0,0,0,113,43,25,1,321,0,0,0,390,503
15,Campania,100,41,77,1,114,0,0,0,233,109,54,8,605,0,0,0,776,1009
12,Lazio,0,21705,0,0,0,0,0,0,21705,20415,0,0,0,0,0,0,20415,42120
12,Lazio,1,22501,0,0,0,0,0,0,22501,21826,0,0,0,0,0,0,21826,44327
12,Lazio,2,24471,0,0,0,0,0,0,24471,23079,0,0,0,0,0,0,23079,47550
12,Lazio,3,24944,0,0,0,0,0,0,24944,23960,0,0,0,0,0,0,23960,48904
12,Lazio,4,26180,0,0,0,0,0,0,26180,24440,0,0,0,0,0,0,24440,50620
12,Lazio,5,26582,0,0,0,0,0,0,26582,25064,0,0,0,0,0,0,25064,51646
12,Lazio,6,27884,0,0,0,0,0,0,27884,26589,0,0,0,0,0,0,26589,54473
12,Lazio,7,28130,0,0,0,0,0,0,28130,26669,0,0,0,0,0,0,26669,54799
12,Lazio,8,28693,0,0,0,0,0,0,28693,27169,0,0,0,0,0,0,27169,55862
12,Lazio,9,28980,0,0,0,0,0,0,28980,27002,0,0,0,0,0,0,27002,55982
12,Lazio,10,28817,0,0,0,0,0,0,28817,27646,0,0,0,0,0,0,27646,56463
12,Lazio,11,29329,0,0,0,0,0,0,29329,27330,0,0,0,0,0,0,27330,56659
12,Lazio,12,28869,0,0,0,0,0,0,28869,27278,0,0,0,0,0,0,27278,56147
12,Lazio,13,28016,0,0,0,0,0,0,28016,26315,0,0,0,0,0,0,26315,54331
12,Lazio,14,28197,0,0,0,0,0,0,28197,26450,0,0,0,0,0,0,26450,54647
12,Lazio,15,27732,0,0,0,0,0,0,27732,26352,0,0,0,0,0,0,26352,54084
12,Lazio,16,27442,0,0,0,0,0,0,27442,25682,0,0,0,0,0,0,25682,53124
12,Lazio,17,27559,0,1,0,0,0,0,27560,25846,3,0,0,0,0,0,25849,53409
12,Lazio,18,28252,4,0,0,0,0,0,28256,26033,20,1,0,0,0,0,26054,54310
12,Lazio,19,28080,9,0,0,0,0,0,28089,25550,69,0,0,0,0,0,25619,53708
12,Lazio,20,29118,27,0,0,1,0,0,29146,25825,183,1,0,0,0,0,26009,55155
12,Lazio,21,28836,55,0,0,2,0,0,28893,25648,375,2,0,1,0,0,26026,54919
12,Lazio,22,29267,109,1,1,0,0,0,29378,25643,632,6,2,4,0,0,26287,55665
12,Lazio,23,29635,220,3,1,7,0,0,29866,25575,928,11,1,5,0,0,26520,56386
12,Lazio,24,29414,358,0,0,5,1,1,29779,25663,1505,13,2,3,0,0,27186,56965
12,Lazio,25,29359,614,6,2,5,1,0,29987,25798,2244,31,4,6,0,0,28083,58070
12,Lazio,26,30352,1069,11,1,5,0,0,31438,26094,3314,33,6,6,0,0,29453,60891
12,Lazio,27,29218,1765,25,1,7,1,0,31017,25070,4369,49,3,8,0,0,29499,60516
12,Lazio,28,29558,2506,36,1,13,0,0,32114,24499,5960,86,14,4,0,0,30563,62677
12,Lazio,29,28210,3774,45,2,10,0,0,32041,23038,7633,122,14,12,0,0,30819,62860
12,Lazio,30,27868,5152,55,2,16,1,0,33094,22104,9872,199,22,14,0,0,32211,65305
12,Lazio,31,26033,6519,75,3,19,1,0,32650,20728,11436,242,30,14,0,0,32450,65100
12,Lazio,32,24592,8282,116,3,24,0,0,33017,19032,13093,370,43,9,1,0,32548,65565
12,Lazio,33,24129,10036,180,6,33,0,0,34384,18520,15244,433,54,21,1,0,34273,68657
12,Lazio,34,23059,12247,204,14,21,0,1,35546,17800,16886,538,57,24,0,0,35305,70851
12,Lazio,35,22226,13934,271,15,34,0,0,36480,16810,18404,620,73,17,0,1,35925,72405
12,Lazio,36,21228,15958,375,18,43,0,0,37622,16429,20367,731,94,32,0,0,37653,75275
12,Lazio,37,20034,17238,392,16,34,0,0,37714,15717,21716,906,122,22,0,0,38483,76197
12,Lazio,38,19148,19009,525,20,41,0,0,38743,15016,23075,1058,131,14,0,0,39294,78037
12,Lazio,39,18583,20366,665,38,43,1,0,39696,14642,24375,1303,198,25,1,0,40544,80240
12,Lazio,40,18753,22134,772,49,30,1,0,41739,14527,26388,1567,241,18,0,0,42741,84480
12,Lazio,41,18415,23293,887,49,48,0,0,42692,14051,27515,1751,277,26,0,0,43620,86312
12,Lazio,42,17517,25220,1067,60,50,0,0,43914,14203,29223,1940,310,28,0,0,45704,89618
12,Lazio,43,17675,27016,1285,90,57,0,0,46123,14036,31304,2300,397,29,0,0,48066,94189
12,Lazio,44,17609,28637,1404,93,59,0,0,47802,13988,33269,2553,444,39,0,1,50294,98096
12,Lazio,45,16264,29561,1692,122,52,0,0,47691,13098,33555,2775,527,31,0,0,49986,97677
12,Lazio,46,15548,30540,1764,130,59,0,0,48041,12296,34927,3020,609,25,0,0,50877,98918
12,Lazio,47,14368,31323,1965,139,52,0,2,47849,11537,35109,3424,734,25,0,1,50830,98679
12,Lazio,48,13461,32264,2053,180,65,1,1,48025,10657,35560,3545,839,26,0,0,50627,98652
12,Lazio,49,12619,33188,2335,215,38,0,0,48395,10354,36427,3832,1005,24,1,0,51643,100038
12,Lazio,50,11664,33238,2454,258,61,0,1,47676,9642,36348,4054,1143,22,0,0,51209,98885
12,Lazio,51,10724,33738,2602,295,72,1,0,47432,9240,36709,4207,1262,17,0,0,51435,98867
12,Lazio,52,10258,34680,2795,345,67,0,0,48145,8614,36657,4122,1469,17,0,0,50879,99024
12,Lazio,53,9392,35292,2868,356,62,0,2,47972,8202,36779,4283,1567,21,0,0,50852,98824
12,Lazio,54,8930,36032,2952,424,59,0,2,48399,7610,37784,4490,1910,26,0,0,51820,100219
12,Lazio,55,7516,34101,2920,519,62,0,1,45119,6752,35685,4218,2061,30,0,1,48747,93866
12,Lazio,56,6635,33173,2825,469,47,0,0,43149,6355,34084,4022,2172,29,0,0,46662,89811
12,Lazio,57,6138,32449,2629,552,41,0,2,41811,5836,33356,3781,2489,20,0,1,45483,87294
12,Lazio,58,5474,31300,2398,593,53,0,0,39818,5281,31863,3734,2751,22,0,2,43653,83471
12,Lazio,59,4976,30353,2394,647,44,0,1,38415,4961,31052,3554,2897,16,0,1,42481,80896
12,Lazio,60,4386,29262,2212,684,54,0,1,36599,4589,29648,3405,3154,14,0,0,40810,77409
12,Lazio,61,4148,28846,2231,681,41,0,1,35948,4224,29148,3069,3483,15,0,0,39939,75887
12,Lazio,62,3818,28386,2022,840,26,1,0,35093,3725,28270,3019,3762,16,0,1,38793,73886
12,Lazio,63,3375,28037,1973,833,17,0,0,34235,3738,27620,2792,3980,6,0,1,38137,72372
12,Lazio,64,2936,27550,1802,944,27,0,0,33259,3536,26836,2757,4489,4,0,0,37622,70881
12,Lazio,65,2790,25889,1569,1028,17,0,0,31293,3213,25195,2421,4555,11,0,0,35395,66688
12,Lazio,66,2435,25311,1527,1083,15,0,1,30372,2944,24109,2373,4963,7,0,0,34396,64768
12,Lazio,67,2389,24869,1413,1100,17,0,1,29789,2765,23538,2267,5466,12,0,0,34048,63837
12,Lazio,68,2220,25576,1369,1276,22,0,0,30463,2717,23750,2218,6117,4,0,0,34806,65269
12,Lazio,69,2028,25326,1361,1476,13,0,0,30204,2624,23269,2084,6630,4,0,0,34611,64815
12,Lazio,70,2087,26414,1219,1671,17,0,0,31408,2720,24251,1984,7665,4,0,1,36625,68033
12,Lazio,71,1885,26100,1191,1882,18,0,0,31076,2542,23033,1893,8429,6,0,0,35903,66979
12,Lazio,72,1772,24723,1065,1929,16,0,0,29505,2475,21926,1852,9051,3,0,0,35307,64812
12,Lazio,73,1342,18902,795,1608,4,0,0,22651,2005,16469,1418,7820,5,0,0,27717,50368
12,Lazio,74,1277,18729,790,1811,16,0,1,22624,2021,15647,1320,8542,4,0,1,27535,50159
12,Lazio,75,1266,19011,714,1948,14,0,0,22953,2104,15951,1290,9662,2,0,0,29009,51962
12,Lazio,76,1194,17983,648,2103,14,0,1,21943,1949,14621,1195,10024,4,1,0,27794,49737
12,Lazio,77,1136,17758,587,2249,10,0,0,21740,2002,13782,1069,10882,7,0,1,27743,49483
12,Lazio,78,1162,18639,566,2705,15,0,0,23087,2211,14075,1128,13026,0,0,0,30440,53527
12,Lazio,79,1059,17613,477,2742,4,0,0,21895,1995,12539,922,13469,2,0,0,28927,50822
12,Lazio,80,904,16091,425,2782,6,0,0,20208,1881,11029,842,13758,3,1,0,27514,47722
12,Lazio,81,802,14004,359,2779,3,0,0,17947,1813,9108,671,13491,0,0,0,25083,43030
12,Lazio,82,704,12235,287,2670,4,0,0,15900,1661,7689,630,12993,0,0,0,22973,38873
12,Lazio,83,668,11519,264,2807,6,0,0,15264,1593,6691,525,13649,0,0,0,22458,37722
12,Lazio,84,592,9847,211,2736,3,0,0,13389,1567,5593,454,13359,0,0,1,20974,34363
12,Lazio,85,467,8506,187,2596,2,0,0,11758,1374,4374,405,12788,0,0,0,18941,30699
12,Lazio,86,394,7105,118,2433,1,0,0,10051,1316,3521,303,11923,1,0,0,17064,27115
12,Lazio,87,384,6203,112,2407,1,0,1,9108,1191,2793,288,11567,0,0,0,15839,24947
12,Lazio,88,321,5239,77,2385,2,0,0,8024,1226,2273,252,11528,0,0,0,15279,23303
12,Lazio,89,268,3908,64,2065,1,0,0,6306,951,1479,222,9479,0,0,0,12131,18437
12,Lazio,90,207,2966,36,1667,0,0,0,4876,881,1099,146,8363,0,0,0,10489,15365
12,Lazio,91,172,2138,28,1490,2,0,0,3830,709,860,118,7298,0,0,0,8985,12815
12,Lazio,92,126,1585,29,1273,0,0,0,3013,645,574,111,6182,0,0,0,7512,10525
12,Lazio,93,91,1106,19,988,0,0,0,2204,499,374,88,4864,1,0,0,5826,8030
12,Lazio,94,60,753,13,874,0,0,0,1700,442,247,72,3930,0,0,0,4691,6391
12,Lazio,95,55,515,7,628,0,0,0,1205,330,198,37,3165,0,0,0,3730,4935
12,Lazio,96,42,298,4,511,0,0,0,855,244,123,34,2302,0,0,0,2703,3558
12,Lazio,97,34,223,5,314,0,0,0,576,182,76,32,1772,0,0,0,2062,2638
12,Lazio,98,34,137,3,243,0,0,0,417,125,45,22,1259,0,0,0,1451,1868
12,Lazio,99,13,60,1,102,0,0,0,176,73,18,8,557,0,0,0,656,832
12,Lazio,100,33,74,2,164,0,0,0,273,132,54,21,1023,0,0,0,1230,1503
7,Liguria,0,4611,0,0,0,0,0,0,4611,4376,0,0,0,0,0,0,4376,8987
7,Liguria,1,5030,0,0,0,0,0,0,5030,4712,0,0,0,0,0,0,4712,9742
7,Liguria,2,5226,0,0,0,0,0,0,5226,4811,0,0,0,0,0,0,4811,10037
7,Liguria,3,5289,0,0,0,0,0,0,5289,5020,0,0,0,0,0,0,5020,10309
7,Liguria,4,5691,0,0,0,0,0,0,5691,5284,0,0,0,0,0,0,5284,10975
7,Liguria,5,5772,0,0,0,0,0,0,5772,5342,0,0,0,0,0,0,5342,11114
7,Liguria,6,6005,0,0,0,0,0,0,6005,5715,0,0,0,0,0,0,5715,11720
7,Liguria,7,5956,0,0,0,0,0,0,5956,5626,0,0,0,0,0,0,5626,11582
7,Liguria,8,6119,0,0,0,0,0,0,6119,5916,0,0,0,0,0,0,5916,12035
7,Liguria,9,6348,0,0,0,0,0,0,6348,6269,0,0,0,0,0,0,6269,12617
7,Liguria,10,6553,0,0,0,0,0,0,6553,6300,0,0,0,0,0,0,6300,12853
7,Liguria,11,6606,0,0,0,0,0,0,6606,5982,0,0,0,0,0,0,5982,12588
7,Liguria,12,6485,0,0,0,0,0,0,6485,6258,0,0,0,0,0,0,6258,12743
7,Liguria,13,6583,0,0,0,0,0,0,6583,6104,0,0,0,0,0,0,6104,12687
7,Liguria,14,6505,0,0,0,0,0,0,6505,6235,0,0,0,0,0,0,6235,12740
7,Liguria,15,6491,0,0,0,0,0,0,6491,6017,0,0,0,0,0,0,6017,12508
7,Liguria,16,6628,0,0,0,0,0,0,6628,6191,0,0,0,0,0,0,6191,12819
7,Liguria,17,6626,0,2,0,0,0,0,6628,6309,1,0,0,0,0,0,6310,12938
7,Liguria,18,6929,0,0,0,0,0,0,6929,6312,2,0,0,0,0,0,6314,13243
7,Liguria,19,7052,4,0,0,0,0,0,7056,6119,28,0,0,0,0,0,6147,13203
7,Liguria,20,7213,4,0,0,0,0,0,7217,6183,85,1,0,2,0,0,6271,13488
7,Liguria,21,7093,13,0,0,0,0,0,7106,6197,143,0,0,0,0,0,6340,13446
7,Liguria,22,7342,36,1,0,1,0,0,7380,6143,188,3,0,0,0,0,6334,13714
7,Liguria,23,6952,61,0,0,1,0,0,7014,6024,321,1,0,0,0,0,6346,13360
7,Liguria,24,6860,103,0,0,4,0,0,6967,6000,466,9,0,0,0,0,6475,13442
7,Liguria,25,6932,196,3,0,3,0,0,7134,5976,671,9,0,2,0,0,6658,13792
7,Liguria,26,7236,296,1,0,1,0,0,7534,6065,825,19,1,0,0,0,6910,14444
7,Liguria,27,6816,432,9,1,1,0,0,7259,5740,1244,20,2,1,0,0,7007,14266
7,Liguria,28,6608,685,9,1,2,0,0,7305,5346,1647,40,2,6,0,0,7041,14346
7,Liguria,29,6317,936,16,0,1,0,0,7270,5129,1903,54,3,3,0,0,7092,14362
7,Liguria,30,6094,1328,26,3,5,0,0,7456,4749,2396,90,9,10,0,0,7254,14710
7,Liguria,31,5821,1606,33,0,2,0,0,7462,4179,2703,68,7,5,0,0,6962,14424
7,Liguria,32,5265,1967,54,1,4,0,1,7292,3895,2941,114,8,4,0,0,6962,14254
7,Liguria,33,5217,2287,58,1,5,0,0,7568,3691,3490,129,12,7,0,0,7329,14897
7,Liguria,34,4802,2652,76,2,4,0,0,7536,3526,3565,186,14,6,0,0,7297,14833
7,Liguria,35,4609,3039,122,2,3,0,0,7775,3314,3900,192,11,10,0,0,7427,15202
7,Liguria,36,4285,3337,137,3,5,0,0,7767,3084,4084,259,22,6,0,0,7455,15222
7,Liguria,37,4250,3546,169,7,7,0,0,7979,3151,4421,323,21,2,0,0,7918,15897
7,Liguria,38,4102,3522,202,6,8,0,0,7840,2873,4599,343,29,4,0,0,7848,15688
7,Liguria,39,3894,3996,207,4,10,0,0,8111,2953,5003,402,32,10,0,0,8400,16511
7,Liguria,40,4067,4314,261,7,9,0,0,8658,3038,5590,454,40,9,0,0,9131,17789
7,Liguria,41,4217,4687,332,8,10,1,0,9255,3050,5879,581,66,4,0,0,9580,18835
7,Liguria,42,4299,5211,359,13,13,0,0,9895,3138,6217,630,65,5,0,0,10055,19950
7,Liguria,43,4388,5733,419,20,7,0,0,10567,3240,6700,770,79,8,0,0,10797,21364
7,Liguria,44,4408,6216,539,20,11,0,0,11194,3224,7473,838,116,4,0,0,11655,22849
7,Liguria,45,4433,6516,551,23,9,0,0,11532,2996,7667,918,119,5,0,0,11705,23237
7,Liguria,46,4416,7003,680,30,13,0,0,12142,3010,8072,1109,149,8,0,0,12348,24490
7,Liguria,47,4242,7195,729,38,18,0,0,12222,2941,8145,1187,162,3,0,0,12438,24660
7,Liguria,48,3881,7388,824,53,10,0,0,12156,2792,8429,1291,196,4,0,0,12712,24868
7,Liguria,49,3806,7727,921,38,14,0,0,12506,2631,8685,1375,219,9,0,0,12919,25425
7,Liguria,50,3567,8093,981,57,8,0,0,12706,2561,8813,1364,258,5,0,0,13001,25707
7,Liguria,51,3370,7873,1028,59,10,0,1,12341,2420,8947,1512,294,4,0,0,13177,25518
7,Liguria,52,3289,8516,1159,86,10,0,0,13060,2292,9373,1558,361,6,0,0,13590,26650
7,Liguria,53,3124,8795,1216,97,12,0,0,13244,2145,9545,1670,433,5,0,0,13798,27042
7,Liguria,54,2979,9101,1281,105,5,0,0,13471,2069,9623,1703,448,7,0,0,13850,27321
7,Liguria,55,2539,8521,1246,122,19,0,0,12447,1807,9266,1627,517,6,0,0,13223,25670
7,Liguria,56,2347,8310,1118,131,7,0,0,11913,1661,8983,1536,559,3,0,0,12742,24655
7,Liguria,57,2164,8147,1121,122,6,0,0,11560,1455,8832,1458,610,4,0,1,12360,23920
7,Liguria,58,1841,8137,1075,139,9,0,0,11201,1368,8534,1364,642,3,0,0,11911,23112
7,Liguria,59,1784,8002,1098,162,8,0,0,11054,1294,8406,1376,765,4,0,0,11845,22899
7,Liguria,60,1601,7706,996,179,9,0,0,10491,1173,8131,1232,843,1,0,0,11380,21871
7,Liguria,61,1559,7774,989,175,7,0,0,10504,1077,7929,1201,920,1,1,0,11129,21633
7,Liguria,62,1377,7655,886,224,3,0,0,10145,1010,7766,1166,956,3,0,0,10901,21046
7,Liguria,63,1262,7345,828,262,6,0,0,9703,927,7558,1039,1117,0,0,0,10641,20344
7,Liguria,64,1221,7453,784,243,5,0,0,9706,884,7488,944,1261,2,0,0,10579,20285
7,Liguria,65,1084,7240,677,302,8,0,0,9311,838,7204,886,1386,1,0,0,10315,19626
7,Liguria,66,1019,7008,691,303,6,0,0,9027,735,7007,866,1372,3,0,0,9983,19010
7,Liguria,67,917,6959,628,345,3,0,0,8852,735,7016,778,1576,1,0,0,10106,18958
7,Liguria,68,964,7547,638,404,3,0,0,9556,749,7287,792,1769,2,0,0,10599,20155
7,Liguria,69,874,7502,586,445,5,0,0,9412,735,7453,780,2017,2,0,0,10987,20399
7,Liguria,70,943,7929,582,560,3,0,0,10017,751,7634,719,2327,1,0,0,11432,21449
7,Liguria,71,814,8202,549,537,6,0,0,10108,799,7604,797,2666,0,0,0,11866,21974
7,Liguria,72,824,8123,493,575,3,0,1,10019,694,7633,707,2950,1,0,0,11985,22004
7,Liguria,73,609,5700,347,592,4,0,0,7252,519,5157,471,2495,1,0,0,8643,15895
7,Liguria,74,623,6382,361,670,4,0,0,8040,552,5739,492,3004,2,0,0,9789,17829
7,Liguria,75,609,6148,324,655,1,0,0,7737,566,5328,469,3129,0,0,0,9492,17229
7,Liguria,76,575,6087,309,718,1,0,0,7690,600,5293,437,3584,0,0,0,9914,17604
7,Liguria,77,543,6166,291,848,2,0,0,7850,614,5192,424,3863,0,0,0,10093,17943
7,Liguria,78,609,6376,274,1010,4,0,0,8273,629,5217,400,4552,0,0,0,10798,19071
7,Liguria,79,575,6050,244,1030,2,0,0,7901,644,4742,411,4791,0,0,0,10588,18489
7,Liguria,80,581,5588,230,1068,3,0,0,7470,633,4214,367,5098,0,0,0,10312,17782
7,Liguria,81,459,4936,188,1039,1,0,0,6623,563,3552,321,4985,1,0,0,9422,16045
7,Liguria,82,397,4297,164,961,0,0,0,5819,524,2883,251,4979,0,0,0,8637,14456
7,Liguria,83,348,3966,141,1016,2,0,0,5473,524,2500,247,5073,0,0,0,8344,13817
7,Liguria,84,319,3493,106,983,2,0,0,4903,533,2018,171,4966,0,0,0,7688,12591
7,Liguria,85,313,3070,78,992,0,0,0,4453,477,1737,192,4880,0,0,0,7286,11739
7,Liguria,86,250,2634,70,948,0,0,0,3902,491,1428,148,4975,0,0,0,7042,10944
7,Liguria,87,212,2308,68,915,0,0,0,3503,496,1164,132,4741,0,0,0,6533,10036
7,Liguria,88,199,1964,59,937,0,0,0,3159,472,901,122,4784,0,0,0,6279,9438
7,Liguria,89,171,1501,39,800,0,0,0,2511,443,710,73,4095,0,0,0,5321,7832
7,Liguria,90,114,1161,31,736,0,0,0,2042,374,468,78,3619,0,0,0,4539,6581
7,Liguria,91,98,930,14,587,0,0,0,1629,319,342,63,3113,0,0,0,3837,5466
7,Liguria,92,59,615,21,485,0,0,0,1180,256,207,36,2728,0,0,0,3227,4407
7,Liguria,93,60,474,11,372,0,0,0,917,229,143,31,2235,0,0,0,2638,3555
7,Liguria,94,47,304,10,311,0,0,0,672,168,107,24,1773,0,0,0,2072,2744
7,Liguria,95,29,151,5,281,0,0,0,466,143,50,20,1450,0,0,0,1663,2129
7,Liguria,96,21,127,3,187,0,0,0,338,98,31,18,1136,0,0,0,1283,1621
7,Liguria,97,12,71,1,143,0,0,0,227,83,23,6,796,0,0,0,908,1135
7,Liguria,98,6,39,0,96,0,0,0,141,54,12,6,600,0,0,0,672,813
7,Liguria,99,4,14,1,33,0,0,0,52,30,4,7,259,0,0,0,300,352
7,Liguria,100,6,12,0,61,0,0,0,79,59,8,4,494,0,0,0,565,644
3,Lombardia,0,38869,0,0,0,0,0,0,38869,36654,0,0,0,0,0,0,36654,75523
3,Lombardia,1,41013,0,0,0,0,0,0,41013,38666,0,0,0,0,0,0,38666,79679
3,Lombardia,2,42179,0,0,0,0,0,0,42179,40313,0,0,0,0,0,0,40313,82492
3,Lombardia,3,44058,0,0,0,0,0,0,44058,41429,0,0,0,0,0,0,41429,85487
3,Lombardia,4,44934,0,0,0,0,0,0,44934,42816,0,0,0,0,0,0,42816,87750
3,Lombardia,5,45952,0,0,0,0,0,0,45952,43341,0,0,0,0,0,0,43341,89293
3,Lombardia,6,47675,0,0,0,0,0,0,47675,44892,0,0,0,0,0,0,44892,92567
3,Lombardia,7,48841,0,0,0,0,0,0,48841,45867,0,0,0,0,0,0,45867,94708
3,Lombardia,8,50418,0,0,0,0,0,0,50418,47000,0,0,0,0,0,0,47000,97418
3,Lombardia,9,51185,0,0,0,0,0,0,51185,48312,0,0,0,0,0,0,48312,99497
3,Lombardia,10,51086,0,0,0,0,0,0,51086,48331,0,0,0,0,0,0,48331,99417
3,Lombardia,11,50594,0,0,0,0,0,0,50594,47685,0,0,0,0,0,0,47685,98279
3,Lombardia,12,50914,0,0,0,0,0,0,50914,47730,0,0,0,0,0,0,47730,98644
3,Lombardia,13,49683,0,0,0,0,0,0,49683,46542,0,0,0,0,0,0,46542,96225
3,Lombardia,14,49390,0,0,0,0,0,0,49390,47122,0,0,0,0,0,0,47122,96512
3,Lombardia,15,48724,0,0,0,0,0,0,48724,45573,0,0,0,0,0,0,45573,94297
3,Lombardia,16,48108,0,0,0,0,0,0,48108,44986,0,0,0,0,0,0,44986,93094
3,Lombardia,17,48677,0,1,0,0,0,0,48678,45511,1,0,0,0,0,0,45512,94190
3,Lombardia,18,49830,4,0,0,0,0,0,49834,45842,51,1,1,0,0,0,45895,95729
3,Lombardia,19,49667,14,1,0,0,0,0,49682,44930,234,1,0,3,0,0,45168,94850
3,Lombardia,20,50998,45,2,0,2,0,0,51047,44420,581,3,0,0,0,0,45004,96051
3,Lombardia,21,50328,118,1,0,1,0,0,50448,44034,1019,10,0,2,0,0,45065,95513
3,Lombardia,22,49594,217,1,0,2,1,0,49815,43588,1629,11,2,4,0,0,45234,95049
3,Lombardia,23,48572,446,5,1,6,0,0,49030,42469,2432,19,0,5,0,0,44925,93955
3,Lombardia,24,48248,767,13,0,12,0,0,49040,42042,3565,29,3,9,0,0,45648,94688
3,Lombardia,25,48305,1326,17,1,17,1,0,49667,41415,4907,45,8,7,0,0,46382,96049
3,Lombardia,26,49166,2213,25,0,14,0,0,51418,41429,7046,86,7,15,1,0,48584,100002
3,Lombardia,27,48332,3463,35,2,15,0,0,51847,39193,9155,126,7,12,0,0,48493,100340
3,Lombardia,28,47953,5209,60,2,33,1,0,53258,38631,12571,201,11,18,0,0,51432,104690
3,Lombardia,29,45796,7618,113,0,26,1,0,53554,36552,15558,307,27,18,1,0,52463,106017
3,Lombardia,30,45256,10373,138,5,48,0,0,55820,34124,19297,391,34,23,0,0,53869,109689
3,Lombardia,31,41848,12662,209,2,55,0,0,54776,30419,22433,570,53,22,0,0,53497,108273
3,Lombardia,32,39315,15746,257,6,52,0,0,55376,28233,25119,730,55,33,0,0,54170,109546
3,Lombardia,33,38103,18688,408,13,50,0,0,57262,27125,28160,967,75,32,0,0,56359,113621
3,Lombardia,34,36292,22107,509,13,44,0,0,58965,25383,30937,1104,106,43,0,0,57573,116538
3,Lombardia,35,34791,24827,656,19,67,0,0,60360,24406,33469,1428,131,36,0,0,59470,119830
3,Lombardia,36,33900,28036,831,31,46,0,0,62844,23285,36531,1630,156,46,3,0,61651,124495
3,Lombardia,37,32427,29938,1054,29,73,2,1,63524,22360,37537,1948,219,36,1,0,62101,125625
3,Lombardia,38,31248,32303,1134,56,55,0,1,64797,21357,39638,2242,221,44,0,1,63503,128300
3,Lombardia,39,30131,34922,1379,44,73,2,0,66551,20833,41333,2644,279,37,0,0,65126,131677
3,Lombardia,40,30459,38146,1779,66,77,1,1,70529,20586,44600,2995,304,34,0,0,68519,139048
3,Lombardia,41,30472,40792,2022,89,98,0,0,73473,20607,46964,3520,393,52,2,1,71539,145012
3,Lombardia,42,30294,43322,2506,103,62,1,1,76289,20367,49427,3917,479,41,2,0,74233,150522
3,Lombardia,43,30869,47063,2877,121,87,1,0,81018,20679,53212,4581,566,39,0,0,79077,160095
3,Lombardia,44,30140,49930,3340,160,104,0,1,83675,20225,55288,5086,652,45,0,1,81297,164972
3,Lombardia,45,28328,50997,3667,176,84,0,0,83252,19356,56173,5430,746,37,0,1,81743,164995
3,Lombardia,46,27079,53029,3936,220,88,0,0,84352,18135,57178,5781,876,36,0,0,82006,166358
3,Lombardia,47,25410,54331,4392,254,91,1,3,84482,16851,57705,6132,1026,46,0,0,81760,166242
3,Lombardia,48,23371,55053,4588,298,102,0,2,83414,15720,58040,6441,1164,41,2,0,81408,164822
3,Lombardia,49,22355,57293,5130,321,95,1,0,85195,15428,60060,6849,1410,26,0,0,83773,168968
3,Lombardia,50,21265,58037,5092,387,104,1,1,84887,14263,60286,7016,1590,38,2,0,83195,168082
3,Lombardia,51,19872,58300,5404,427,96,0,1,84100,13745,60785,7055,1811,37,1,0,83434,167534
3,Lombardia,52,19028,60547,5766,589,95,0,1,86026,13051,61958,7363,2067,34,0,0,84473,170499
3,Lombardia,53,17540,60573,5889,631,92,0,1,84726,12401,61908,7390,2401,29,0,2,84131,168857
3,Lombardia,54,15830,61539,5942,687,94,0,2,84094,11625,61801,7445,2678,24,0,0,83573,167667
3,Lombardia,55,13835,57582,5540,748,91,0,1,77797,10300,58807,6964,2839,26,0,0,78936,156733
3,Lombardia,56,12207,55158,5315,825,92,1,0,73598,9283,56086,6584,3167,19,0,0,75139,148737
3,Lombardia,57,11101,53905,5068,863,91,0,1,71029,8742,54548,6195,3520,25,0,0,73030,144059
3,Lombardia,58,9946,52735,4624,933,70,0,2,68310,8072,52906,5912,3800,24,0,0,70714,139024
3,Lombardia,59,9059,51194,4510,984,60,0,2,65809,7413,51822,5602,4314,22,1,0,69174,134983
3,Lombardia,60,8266,49310,4080,1115,63,1,0,62835,6741,49276,5099,4560,16,0,1,65693,128528
3,Lombardia,61,7610,48522,3941,1137,49,0,0,61259,6284,48352,4841,5086,17,0,1,64581,125840
3,Lombardia,62,7105,47836,3685,1312,47,0,1,59986,5934,47387,4563,5675,11,0,0,63570,123556
3,Lombardia,63,6515,46198,3344,1364,45,0,0,57466,5416,46649,4254,6070,10,0,2,62401,119867
3,Lombardia,64,6107,45511,3144,1538,46,0,0,56346,5118,44864,3973,6830,7,1,0,60793,117139
3,Lombardia,65,5577,44274,2763,1690,38,0,1,54343,4524,43190,3636,7258,6,0,0,58614,112957
3,Lombardia,66,5431,43785,2641,1754,37,0,0,53648,4593,42849,3361,7885,8,0,2,58698,112346
3,Lombardia,67,5041,43119,2445,1953,32,0,3,52593,4182,42145,3182,8817,6,0,1,58333,110926
3,Lombardia,68,5082,45081,2275,2289,32,0,2,54761,4165,43212,3036,9997,10,0,2,60422,115183
3,Lombardia,69,4860,45236,2097,2582,39,0,2,54816,4158,42498,2990,11347,7,0,1,61001,115817
3,Lombardia,70,4712,46598,2044,2848,40,1,1,56244,4169,42983,2968,12991,5,0,0,63116,119360
3,Lombardia,71,4273,44852,1924,3007,28,0,0,54084,3960,40441,2749,13950,8,0,1,61109,115193
3,Lombardia,72,4208,45536,1779,3469,20,0,0,55012,3910,40496,2745,15681,3,0,2,62837,117849
3,Lombardia,73,2979,33032,1265,2814,13,0,0,40103,2953,28382,1860,13156,1,0,0,46352,86455
3,Lombardia,74,3082,34393,1177,3214,14,0,0,41880,3091,29599,1827,15235,2,0,0,49754,91634
3,Lombardia,75,2892,33182,1040,3411,19,0,1,40545,3117,28069,1680,16284,2,0,0,49152,89697
3,Lombardia,76,3037,32984,984,3638,13,0,0,40656,3077,27279,1605,17990,1,0,0,49952,90608
3,Lombardia,77,2978,32345,882,4187,16,0,0,40408,3213,26191,1538,20121,1,0,0,51064,91472
3,Lombardia,78,3055,34378,891,4934,7,0,1,43266,3587,26194,1468,23390,2,0,0,54641,97907
3,Lombardia,79,2739,32566,766,5014,9,0,0,41094,3520,23846,1229,24371,1,0,0,52967,94061
3,Lombardia,80,2395,29636,680,5307,2,0,0,38020,3442,20943,1148,25373,1,0,0,50907,88927
3,Lombardia,81,2009,25113,509,4967,12,0,0,32610,3157,16615,911,24590,1,0,0,45274,77884
3,Lombardia,82,1688,21280,393,4730,3,0,1,28095,2909,13412,824,23547,0,1,1,40694,68789
3,Lombardia,83,1624,19927,375,4876,1,0,0,26803,2944,11796,728,25253,0,0,0,40721,67524
3,Lombardia,84,1402,16916,280,4695,5,0,0,23298,2857,9504,587,24485,1,0,2,37436,60734
3,Lombardia,85,1188,14287,232,4514,6,0,0,20227,2764,7601,526,23718,1,0,0,34610,54837
3,Lombardia,86,1061,12298,181,4324,1,0,1,17866,2648,5907,489,23204,0,0,0,32248,50114
3,Lombardia,87,857,10353,161,4046,6,0,0,15423,2534,4724,385,21888,1,0,0,29532,44955
3,Lombardia,88,713,8543,121,3849,4,0,1,13231,2472,3543,379,21211,1,0,0,27606,40837
3,Lombardia,89,538,6384,95,3322,0,0,1,10340,2136,2468,265,18429,1,0,1,23300,33640
3,Lombardia,90,446,4713,70,2875,2,0,0,8106,1930,1833,219,16091,1,0,1,20075,28181
3,Lombardia,91,313,3549,45,2438,0,0,1,6346,1596,1190,173,14046,0,0,0,17005,23351
3,Lombardia,92,241,2476,33,1975,1,0,0,4726,1322,790,139,11572,0,0,1,13824,18550
3,Lombardia,93,173,1699,27,1585,0,0,0,3484,1106,544,106,9619,1,0,2,11378,14862
3,Lombardia,94,128,1070,17,1258,0,0,0,2473,894,364,86,7776,0,0,0,9120,11593
3,Lombardia,95,95,750,11,1026,0,0,0,1882,713,203,61,6019,0,0,0,6996,8878
3,Lombardia,96,56,434,6,661,0,0,0,1157,508,130,61,4396,0,0,1,5096,6253
3,Lombardia,97,40,282,6,465,0,0,0,793,382,65,28,3402,0,0,0,3877,4670
3,Lombardia,98,26,165,1,327,0,0,0,519,255,50,22,2327,0,0,0,2654,3173
3,Lombardia,99,7,50,2,136,0,0,0,195,114,16,4,1108,0,0,1,1243,1438
3,Lombardia,100,17,55,2,167,0,0,0,241,207,15,19,1699,0,0,0,1940,2181
11,Marche,0,5239,0,0,0,0,0,0,5239,4920,0,0,0,0,0,0,4920,10159
11,Marche,1,5494,0,0,0,0,0,0,5494,5200,0,0,0,0,0,0,5200,10694
11,Marche,2,5933,0,0,0,0,0,0,5933,5530,0,0,0,0,0,0,5530,11463
11,Marche,3,6038,0,0,0,0,0,0,6038,5866,0,0,0,0,0,0,5866,11904
11,Marche,4,6297,0,0,0,0,0,0,6297,5988,0,0,0,0,0,0,5988,12285
11,Marche,5,6574,0,0,0,0,0,0,6574,6026,0,0,0,0,0,0,6026,12600
11,Marche,6,6654,0,0,0,0,0,0,6654,6288,0,0,0,0,0,0,6288,12942
11,Marche,7,6869,0,0,0,0,0,0,6869,6680,0,0,0,0,0,0,6680,13549
11,Marche,8,7099,0,0,0,0,0,0,7099,6648,0,0,0,0,0,0,6648,13747
11,Marche,9,7279,0,0,0,0,0,0,7279,6828,0,0,0,0,0,0,6828,14107
11,Marche,10,7304,0,0,0,0,0,0,7304,6857,0,0,0,0,0,0,6857,14161
11,Marche,11,7209,0,0,0,0,0,0,7209,6761,0,0,0,0,0,0,6761,13970
11,Marche,12,7083,0,0,0,0,0,0,7083,6683,0,0,0,0,0,0,6683,13766
11,Marche,13,7036,0,0,0,0,0,0,7036,6684,0,0,0,0,0,0,6684,13720
11,Marche,14,7139,0,0,0,0,0,0,7139,6587,0,0,0,0,0,0,6587,13726
11,Marche,15,6958,0,0,0,0,0,0,6958,6617,0,0,0,0,0,0,6617,13575
11,Marche,16,7111,0,0,0,0,0,0,7111,6565,0,0,0,0,0,0,6565,13676
11,Marche,17,7021,0,0,0,0,0,0,7021,6571,1,0,0,0,0,0,6572,13593
11,Marche,18,7527,2,0,0,0,0,0,7529,6684,11,0,0,0,0,0,6695,14224
11,Marche,19,7430,5,0,0,0,0,0,7435,6719,50,0,0,0,0,0,6769,14204
11,Marche,20,7796,9,0,0,0,0,0,7805,6701,98,0,0,1,0,0,6800,14605
11,Marche,21,7548,10,0,0,0,0,0,7558,6653,170,0,0,0,0,0,6823,14381
11,Marche,22,7503,45,1,0,0,0,0,7549,6498,248,3,0,0,0,0,6749,14298
11,Marche,23,7504,69,2,0,0,0,0,7575,6484,380,2,0,0,0,0,6866,14441
11,Marche,24,7361,122,0,1,1,0,0,7485,6413,479,5,0,0,0,0,6897,14382
11,Marche,25,7379,207,1,0,0,0,0,7587,6427,734,13,0,1,0,0,7175,14762
11,Marche,26,7584,328,4,0,0,0,0,7916,6401,999,16,0,1,0,0,7417,15333
11,Marche,27,7450,545,3,1,4,0,0,8003,6064,1310,17,1,0,0,0,7392,15395
11,Marche,28,7308,699,6,0,1,0,0,8014,6010,1642,19,3,3,0,0,7677,15691
11,Marche,29,6844,1013,11,0,0,0,0,7868,5458,2154,52,4,1,0,0,7669,15537
11,Marche,30,6605,1370,12,0,1,0,0,7988,5195,2684,55,4,4,0,0,7942,15930
11,Marche,31,6183,1666,13,0,2,0,0,7864,4488,3127,60,3,6,1,0,7685,15549
11,Marche,32,6012,2178,23,0,1,0,0,8214,4369,3493,91,8,2,0,0,7963,16177
11,Marche,33,5738,2391,45,1,3,0,0,8178,4247,3933,131,11,2,1,0,8325,16503
11,Marche,34,5331,2961,48,1,2,1,0,8344,3785,4353,144,19,1,0,0,8302,16646
11,Marche,35,5168,3283,89,1,4,0,0,8545,3699,4758,183,23,2,0,0,8665,17210
11,Marche,36,5071,3773,105,2,3,0,1,8955,3652,5044,232,20,1,0,0,8949,17904
11,Marche,37,4868,4081,113,4,5,0,0,9071,3353,5358,252,22,1,0,0,8986,18057
11,Marche,38,4757,4518,129,8,2,0,0,9414,3254,5817,270,30,3,0,0,9374,18788
11,Marche,39,4624,4889,180,10,2,0,0,9705,3128,6332,366,52,4,1,0,9883,19588
11,Marche,40,4771,5430,257,11,7,0,0,10476,3213,6701,421,59,3,1,0,10398,20874
11,Marche,41,4533,5776,251,13,3,1,0,10577,3147,7200,438,62,0,0,0,10847,21424
11,Marche,42,4459,6257,309,12,7,2,0,11046,2902,7438,499,82,4,0,0,10925,21971
11,Marche,43,4395,6722,307,16,6,0,0,11446,3017,8045,551,81,5,1,0,11700,23146
11,Marche,44,4273,7191,371,23,7,0,0,11865,2863,8194,662,91,0,0,0,11810,23675
11,Marche,45,3874,7274,394,18,5,0,0,11565,2692,8308,641,126,2,0,0,11769,23334
11,Marche,46,3767,7488,481,28,5,0,0,11769,2451,8497,717,131,3,0,0,11799,23568
11,Marche,47,3620,7812,522,34,5,0,0,11993,2386,8990,784,134,2,0,0,12296,24289
11,Marche,48,3248,7895,548,37,7,0,0,11735,2073,8827,790,198,2,0,0,11890,23625
11,Marche,49,3112,8132,625,54,9,0,0,11932,2188,9280,857,208,3,0,0,12536,24468
11,Marche,50,2839,8495,567,52,5,1,0,11959,1958,9111,901,259,1,0,0,12230,24189
11,Marche,51,2681,8440,654,63,10,0,0,11848,1795,9349,906,301,0,0,0,12351,24199
11,Marche,52,2493,8719,706,66,6,0,0,11990,1716,9434,880,332,0,0,0,12362,24352
11,Marche,53,2244,8980,680,86,7,0,0,11997,1598,9310,913,338,1,0,0,12160,24157
11,Marche,54,2225,9221,762,79,3,0,0,12290,1502,9773,905,416,1,2,0,12599,24889
11,Marche,55,1916,8813,711,104,5,0,0,11549,1362,9386,913,425,4,0,0,12090,23639
11,Marche,56,1688,8708,676,116,3,0,0,11191,1187,8783,806,491,1,0,0,11268,22459
11,Marche,57,1616,8752,714,109,8,0,0,11199,1227,8947,841,519,2,0,0,11536,22735
11,Marche,58,1488,8356,626,160,7,0,0,10637,1128,8753,753,618,0,0,0,11252,21889
11,Marche,59,1362,8161,571,126,6,0,0,10226,1006,8650,700,697,1,0,0,11054,21280
11,Marche,60,1232,7964,595,177,6,0,0,9974,940,8348,692,719,0,0,0,10699,20673
11,Marche,61,1146,7849,526,196,3,0,0,9720,836,8180,684,794,0,0,0,10494,20214
11,Marche,62,1082,7870,489,199,4,0,0,9644,852,8230,609,973,0,0,0,10664,20308
11,Marche,63,965,7671,426,234,4,0,0,9300,757,7915,559,1009,0,0,0,10240,19540
11,Marche,64,924,7519,390,222,2,0,0,9057,689,7568,492,1004,1,0,0,9754,18811
11,Marche,65,810,7262,396,248,4,0,0,8720,638,7318,456,1133,0,0,0,9545,18265
11,Marche,66,814,7291,378,309,3,0,0,8795,600,7089,416,1281,1,0,1,9388,18183
11,Marche,67,757,7394,343,291,4,0,0,8789,570,7237,412,1415,0,0,0,9634,18423
11,Marche,68,726,7576,334,345,3,0,0,8984,534,7178,406,1588,1,0,0,9707,18691
11,Marche,69,692,7244,282,360,0,0,0,8578,489,6890,338,1695,0,0,0,9412,17990
11,Marche,70,659,7463,233,416,1,0,0,8772,510,6972,282,1974,0,0,0,9738,18510
11,Marche,71,660,7174,256,408,0,0,0,8498,441,6394,305,2181,0,0,0,9321,17819
11,Marche,72,602,7024,232,491,2,0,0,8351,447,6474,298,2257,1,0,0,9477,17828
11,Marche,73,468,5772,195,479,3,0,0,6917,358,5025,233,2147,0,0,0,7763,14680
11,Marche,74,489,5447,155,439,0,0,0,6530,355,4642,193,2408,1,0,0,7599,14129
11,Marche,75,460,5712,156,489,1,0,0,6818,365,4721,152,2672,0,0,0,7910,14728
11,Marche,76,458,5177,128,542,2,0,1,6308,365,4171,147,2854,1,0,0,7538,13846
11,Marche,77,440,5038,105,526,0,0,0,6109,384,4044,136,3047,0,0,0,7611,13720
11,Marche,78,463,5599,98,658,0,0,0,6818,408,4301,150,3777,0,0,0,8636,15454
11,Marche,79,461,5634,88,688,1,0,0,6872,390,4045,123,4112,0,0,1,8671,15543
11,Marche,80,460,5298,100,780,0,0,0,6638,435,3557,118,4589,0,0,0,8699,15337
11,Marche,81,375,4607,78,751,0,0,0,5811,351,2904,73,4275,0,0,0,7603,13414
11,Marche,82,276,3987,44,675,0,0,0,4982,374,2379,76,4287,0,0,0,7116,12098
11,Marche,83,303,3804,47,796,0,0,0,4950,341,2129,72,4661,0,0,0,7203,12153
11,Marche,84,268,3470,33,726,0,0,0,4497,343,1686,52,4492,0,0,0,6573,11070
11,Marche,85,206,2926,34,733,0,0,0,3899,299,1371,47,4451,0,0,0,6168,10067
11,Marche,86,195,2400,26,682,0,0,0,3303,320,1035,42,3975,0,0,0,5372,8675
11,Marche,87,154,2207,16,756,0,0,0,3133,306,804,40,4241,0,0,0,5391,8524
11,Marche,88,116,1890,18,696,0,0,0,2720,282,625,25,4042,0,0,0,4974,7694
11,Marche,89,104,1424,11,596,0,0,0,2135,248,403,27,3367,0,0,0,4045,6180
11,Marche,90,88,1152,6,545,0,0,0,1791,251,294,20,3153,0,0,0,3718,5509
11,Marche,91,52,910,5,507,0,0,0,1474,230,265,18,2869,0,0,0,3382,4856
11,Marche,92,51,598,3,467,0,0,0,1119,200,178,10,2443,0,0,0,2831,3950
11,Marche,93,36,462,2,385,0,0,0,885,180,104,9,2036,0,0,0,2329,3214
11,Marche,94,33,245,2,297,0,0,0,577,137,63,12,1531,0,0,0,1743,2320
11,Marche,95,22,208,2,220,0,0,0,452,105,29,7,1226,0,0,0,1367,1819
11,Marche,96,12,118,0,176,0,0,0,306,66,26,8,883,0,0,0,983,1289
11,Marche,97,14,75,0,117,0,0,0,206,51,15,3,681,0,0,0,750,956
11,Marche,98,7,57,0,81,0,0,0,145,40,7,4,481,0,0,0,532,677
11,Marche,99,4,11,0,44,0,0,0,59,26,4,0,191,0,0,0,221,280
11,Marche,100,4,14,0,44,0,0,0,62,28,3,2,335,0,0,0,368,430
14,Molise,0,952,0,0,0,0,0,0,952,920,0,0,0,0,0,0,920,1872
14,Molise,1,1113,0,0,0,0,0,0,1113,989,0,0,0,0,0,0,989,2102
14,Molise,2,1050,0,0,0,0,0,0,1050,1010,0,0,0,0,0,0,1010,2060
14,Molise,3,1125,0,0,0,0,0,0,1125,1032,0,0,0,0,0,0,1032,2157
14,Molise,4,1178,0,0,0,0,0,0,1178,999,0,0,0,0,0,0,999,2177
14,Molise,5,1135,0,0,0,0,0,0,1135,1088,0,0,0,0,0,0,1088,2223
14,Molise,6,1186,0,0,0,0,0,0,1186,1094,0,0,0,0,0,0,1094,2280
14,Molise,7,1173,0,0,0,0,0,0,1173,1153,0,0,0,0,0,0,1153,2326
14,Molise,8,1283,0,0,0,0,0,0,1283,1171,0,0,0,0,0,0,1171,2454
14,Molise,9,1188,0,0,0,0,0,0,1188,1109,0,0,0,0,0,0,1109,2297
14,Molise,10,1316,0,0,0,0,0,0,1316,1189,0,0,0,0,0,0,1189,2505
14,Molise,11,1276,0,0,0,0,0,0,1276,1222,0,0,0,0,0,0,1222,2498
14,Molise,12,1273,0,0,0,0,0,0,1273,1211,0,0,0,0,0,0,1211,2484
14,Molise,13,1356,0,0,0,0,0,0,1356,1231,0,0,0,0,0,0,1231,2587
14,Molise,14,1380,0,0,0,0,0,0,1380,1215,0,0,0,0,0,0,1215,2595
14,Molise,15,1361,0,0,0,0,0,0,1361,1259,0,0,0,0,0,0,1259,2620
14,Molise,16,1355,0,0,0,0,0,0,1355,1325,0,0,0,0,0,0,1325,2680
14,Molise,17,1400,1,0,0,0,0,0,1401,1323,0,0,0,0,0,0,1323,2724
14,Molise,18,1510,0,0,0,0,0,0,1510,1390,4,0,0,0,0,0,1394,2904
14,Molise,19,1625,1,0,0,0,0,0,1626,1389,5,0,0,0,0,0,1394,3020
14,Molise,20,1786,4,0,0,0,0,0,1790,1412,22,0,0,0,0,0,1434,3224
14,Molise,21,1728,7,0,0,0,0,0,1735,1416,14,0,0,0,0,0,1430,3165
14,Molise,22,1674,11,0,0,0,0,0,1685,1477,32,0,0,0,0,0,1509,3194
14,Molise,23,1681,21,0,0,0,0,0,1702,1492,51,0,0,0,0,0,1543,3245
14,Molise,24,1763,33,1,0,0,0,0,1797,1454,85,0,0,0,0,0,1539,3336
14,Molise,25,1759,44,0,0,0,0,0,1803,1482,122,0,1,0,0,0,1605,3408
14,Molise,26,1797,67,3,0,0,0,0,1867,1517,194,0,0,0,0,0,1711,3578
14,Molise,27,1836,85,1,0,0,0,0,1922,1354,247,3,0,0,0,0,1604,3526
14,Molise,28,1685,135,0,0,0,0,0,1820,1297,362,9,0,0,0,0,1668,3488
14,Molise,29,1630,188,0,0,0,0,0,1818,1251,396,8,2,0,0,0,1657,3475
14,Molise,30,1524,313,1,0,1,0,0,1839,1146,534,9,1,0,0,0,1690,3529
14,Molise,31,1544,339,5,1,0,0,0,1889,1003,648,12,5,0,0,0,1668,3557
14,Molise,32,1369,439,1,1,0,0,0,1810,942,649,5,2,0,0,0,1598,3408
14,Molise,33,1314,516,6,0,0,0,0,1836,862,837,14,3,1,0,0,1717,3553
14,Molise,34,1199,636,15,0,0,0,0,1850,795,908,20,1,0,0,0,1724,3574
14,Molise,35,1136,718,8,0,0,0,0,1862,721,938,22,5,0,0,0,1686,3548
14,Molise,36,1087,766,12,0,0,0,0,1865,689,1072,29,6,0,1,0,1797,3662
14,Molise,37,1041,872,10,2,1,0,0,1926,636,1131,43,6,0,0,0,1816,3742
14,Molise,38,950,896,20,0,0,0,0,1866,558,1208,41,4,0,0,0,1811,3677
14,Molise,39,893,1031,23,0,0,0,0,1947,525,1323,59,7,0,0,0,1914,3861
14,Molise,40,851,1094,39,1,1,0,0,1986,492,1373,48,11,0,0,0,1924,3910
14,Molise,41,805,1170,34,4,0,0,0,2013,504,1426,47,20,0,0,0,1997,4010
14,Molise,42,770,1358,46,4,1,0,0,2179,465,1399,60,22,0,0,0,1946,4125
14,Molise,43,800,1376,49,5,1,0,0,2231,466,1595,78,18,0,0,0,2157,4388
14,Molise,44,728,1514,43,2,0,0,0,2287,413,1744,68,24,0,0,0,2249,4536
14,Molise,45,702,1416,48,9,0,0,0,2175,360,1728,97,29,0,0,0,2214,4389
14,Molise,46,608,1575,51,4,0,0,0,2238,397,1734,74,23,0,0,0,2228,4466
14,Molise,47,609,1549,64,10,1,0,0,2233,314,1779,88,35,0,0,0,2216,4449
14,Molise,48,528,1625,76,9,0,0,0,2238,310,1789,99,55,0,0,0,2253,4491
14,Molise,49,517,1693,86,16,0,0,0,2312,318,1923,108,59,0,0,0,2408,4720
14,Molise,50,537,1722,77,14,0,0,0,2350,317,1919,102,67,0,0,0,2405,4755
14,Molise,51,480,1784,81,14,1,0,0,2360,293,2005,110,70,0,0,0,2478,4838
14,Molise,52,443,1859,80,14,0,0,0,2396,300,2013,109,92,0,0,0,2514,4910
14,Molise,53,416,1898,99,12,1,0,0,2426,282,1988,98,114,0,0,0,2482,4908
14,Molise,54,429,2000,86,20,1,0,0,2536,260,2035,103,121,0,0,0,2519,5055
14,Molise,55,398,1869,81,33,0,0,0,2381,218,1910,94,116,0,0,0,2338,4719
14,Molise,56,319,1832,82,29,0,0,0,2262,213,1911,81,140,0,0,0,2345,4607
14,Molise,57,305,1900,73,39,0,0,0,2317,201,1822,82,160,0,0,0,2265,4582
14,Molise,58,301,1887,80,26,0,0,0,2294,225,1870,91,183,0,0,0,2369,4663
14,Molise,59,257,1807,82,32,0,0,0,2178,204,1825,74,197,0,0,0,2300,4478
14,Molise,60,243,1664,60,37,1,0,0,2005,184,1762,82,200,0,0,0,2228,4233
14,Molise,61,231,1751,66,37,0,0,0,2085,179,1661,64,239,0,0,0,2143,4228
14,Molise,62,211,1798,57,45,0,0,0,2111,143,1665,56,240,0,0,0,2104,4215
14,Molise,63,201,1730,54,67,2,0,0,2054,157,1616,68,266,0,0,0,2107,4161
14,Molise,64,203,1699,54,57,0,0,0,2013,149,1647,67,303,0,0,0,2166,4179
14,Molise,65,141,1622,56,51,0,0,0,1870,136,1487,51,273,0,0,0,1947,3817
14,Molise,66,150,1667,37,57,0,0,0,1911,150,1524,47,319,0,0,0,2040,3951
14,Molise,67,107,1566,44,63,0,0,0,1780,134,1377,43,326,0,0,0,1880,3660
14,Molise,68,117,1694,56,69,0,0,0,1936,123,1444,34,401,0,0,0,2002,3938
14,Molise,69,141,1735,45,84,0,0,0,2005,122,1440,34,478,0,0,0,2074,4079
14,Molise,70,132,1673,35,98,0,0,0,1938,136,1358,41,485,0,0,0,2020,3958
14,Molise,71,130,1543,38,92,0,0,0,1803,130,1273,31,522,0,0,0,1956,3759
14,Molise,72,112,1495,26,93,0,0,0,1726,113,1128,32,482,0,0,0,1755,3481
14,Molise,73,76,1096,31,82,0,0,0,1285,78,861,13,465,0,0,0,1417,2702
14,Molise,74,50,1077,16,86,0,0,0,1229,79,803,18,498,0,0,0,1398,2627
14,Molise,75,72,959,14,94,0,0,0,1139,81,734,17,484,0,0,0,1316,2455
14,Molise,76,58,940,14,100,0,0,0,1112,66,641,26,522,0,0,0,1255,2367
14,Molise,77,51,958,14,134,0,0,0,1157,80,739,16,595,0,0,0,1430,2587
14,Molise,78,74,1055,11,135,0,0,0,1275,103,747,19,770,0,0,0,1639,2914
14,Molise,79,67,1066,15,153,0,0,0,1301,106,750,16,846,0,0,0,1718,3019
14,Molise,80,45,945,8,136,0,0,0,1134,69,589,8,768,0,0,0,1434,2568
14,Molise,81,47,814,6,193,0,0,0,1060,92,554,12,807,0,0,0,1465,2525
14,Molise,82,46,768,6,173,0,0,0,993,95,532,16,851,0,0,0,1494,2487
14,Molise,83,38,686,9,200,0,0,0,933,73,417,10,923,0,0,0,1423,2356
14,Molise,84,50,679,3,201,0,0,0,933,99,423,10,854,0,0,0,1386,2319
14,Molise,85,33,601,5,174,0,0,0,813,108,317,12,879,0,0,0,1316,2129
14,Molise,86,26,483,0,160,0,0,0,669,76,260,9,796,0,0,0,1141,1810
14,Molise,87,18,424,3,167,0,0,0,612,71,216,9,768,0,0,0,1064,1676
14,Molise,88,20,359,5,175,0,0,0,559,84,180,7,847,0,0,0,1118,1677
14,Molise,89,17,288,0,146,0,0,0,451,59,117,5,685,0,0,0,866,1317
14,Molise,90,8,202,1,117,0,0,0,328,62,100,4,587,0,0,0,753,1081
14,Molise,91,9,162,1,121,0,0,0,293,46,88,2,557,0,0,0,693,986
14,Molise,92,9,120,3,87,0,0,0,219,51,54,4,463,0,0,0,572,791
14,Molise,93,2,81,0,76,0,0,0,159,25,36,4,358,0,0,0,423,582
14,Molise,94,4,54,0,71,0,0,0,129,26,25,0,301,0,0,0,352,481
14,Molise,95,4,40,0,52,0,0,0,96,23,20,1,221,0,0,0,265,361
14,Molise,96,2,26,0,46,0,0,0,74,15,15,1,190,0,0,0,221,295
14,Molise,97,2,26,0,31,0,0,0,59,12,9,0,138,0,0,0,159,218
14,Molise,98,0,10,0,23,0,0,0,33,5,7,1,96,0,0,0,109,142
14,Molise,99,0,11,0,5,0,0,0,16,3,3,0,41,0,0,0,47,63
14,Molise,100,0,7,0,17,0,0,0,24,4,3,1,77,0,0,0,85,109
1,Piemonte,0,14595,0,0,0,0,0,0,14595,14264,0,0,0,0,0,0,14264,28859
1,Piemonte,1,15739,0,0,0,0,0,0,15739,15279,0,0,0,0,0,0,15279,31018
1,Piemonte,2,16507,0,0,0,0,0,0,16507,15814,0,0,0,0,0,0,15814,32321
1,Piemonte,3,17281,0,0,0,0,0,0,17281,15888,0,0,0,0,0,0,15888,33169
1,Piemonte,4,17644,0,0,0,0,0,0,17644,16875,0,0,0,0,0,0,16875,34519
1,Piemonte,5,18230,0,0,0,0,0,0,18230,17195,0,0,0,0,0,0,17195,35425
1,Piemonte,6,18954,0,0,0,0,0,0,18954,17865,0,0,0,0,0,0,17865,36819
1,Piemonte,7,19320,0,0,0,0,0,0,19320,17856,0,0,0,0,0,0,17856,37176
1,Piemonte,8,19568,0,0,0,0,0,0,19568,18416,0,0,0,0,0,0,18416,37984
1,Piemonte,9,20059,0,0,0,0,0,0,20059,18989,0,0,0,0,0,0,18989,39048
1,Piemonte,10,20320,0,0,0,0,0,0,20320,19020,0,0,0,0,0,0,19020,39340
1,Piemonte,11,20221,0,0,0,0,0,0,20221,19062,0,0,0,0,0,0,19062,39283
1,Piemonte,12,19874,0,0,0,0,0,0,19874,18754,0,0,0,0,0,0,18754,38628
1,Piemonte,13,19790,0,0,0,0,0,0,19790,18612,0,0,0,0,0,0,18612,38402
1,Piemonte,14,19862,0,0,0,0,0,0,19862,18488,0,0,0,0,0,0,18488,38350
1,Piemonte,15,19844,0,0,0,0,0,0,19844,18613,0,0,0,0,0,0,18613,38457
1,Piemonte,16,19334,0,0,0,0,0,0,19334,18558,0,0,0,0,0,0,18558,37892
1,Piemonte,17,19548,0,3,0,0,0,0,19551,18408,4,1,0,0,0,0,18413,37964
1,Piemonte,18,20504,5,2,0,0,0,0,20511,18921,26,0,0,0,0,0,18947,39458
1,Piemonte,19,20593,19,0,0,0,0,0,20612,18267,137,2,0,0,0,0,18406,39018
1,Piemonte,20,21353,28,2,0,1,0,0,21384,18449,257,1,0,0,0,0,18707,40091
1,Piemonte,21,20923,60,4,0,0,0,0,20987,18445,489,9,0,0,0,0,18943,39930
1,Piemonte,22,20756,134,0,0,6,0,0,20896,17765,717,4,1,2,0,0,18489,39385
1,Piemonte,23,20410,224,3,1,5,0,0,20643,17693,1016,13,1,3,0,0,18726,39369
1,Piemonte,24,20272,336,11,0,2,0,0,20621,17523,1585,20,5,1,0,0,19134,39755
1,Piemonte,25,20127,662,15,0,2,0,0,20806,17237,2209,27,3,6,1,0,19483,40289
1,Piemonte,26,20453,1044,16,1,5,0,0,21519,17019,3055,38,5,8,0,0,20125,41644
1,Piemonte,27,20035,1616,28,1,7,0,0,21687,16535,3871,66,4,5,0,0,20481,42168
1,Piemonte,28,20119,2334,40,2,12,0,0,22507,15592,5216,114,5,12,0,0,20939,43446
1,Piemonte,29,18661,3272,55,4,18,0,0,22010,14391,6345,166,14,11,0,0,20927,42937
1,Piemonte,30,18145,4405,89,5,15,0,0,22659,13672,7729,198,21,10,0,0,21630,44289
1,Piemonte,31,16270,5487,94,4,18,0,0,21873,12226,8931,302,34,22,0,0,21515,43388
1,Piemonte,32,15854,6517,140,6,26,0,0,22543,11459,9847,383,29,16,0,0,21734,44277
1,Piemonte,33,15318,7437,184,6,21,0,0,22966,11010,11063,484,40,12,0,0,22609,45575
1,Piemonte,34,14326,8356,232,8,16,0,0,22938,10566,11752,541,31,26,0,0,22916,45854
1,Piemonte,35,13702,9652,355,10,23,0,0,23742,10014,12729,652,63,24,0,0,23482,47224
1,Piemonte,36,13478,10878,377,8,22,0,0,24763,9777,13836,792,65,14,1,0,24485,49248
1,Piemonte,37,12662,11468,461,19,17,0,0,24627,9249,14451,941,89,12,0,0,24742,49369
1,Piemonte,38,12454,12361,570,21,17,0,0,25423,8960,15249,1093,135,15,1,0,25453,50876
1,Piemonte,39,12185,13238,685,30,24,1,0,26163,8534,16052,1207,123,14,1,0,25931,52094
1,Piemonte,40,12512,14498,789,36,24,0,0,27859,8823,17401,1484,185,15,0,0,27908,55767
1,Piemonte,41,12513,15597,926,39,20,0,0,29095,8868,18806,1665,189,18,0,0,29546,58641
1,Piemonte,42,12463,16841,1108,43,24,0,0,30479,8656,19985,1995,254,22,1,0,30913,61392
1,Piemonte,43,12504,18279,1327,50,31,0,0,32191,8766,21369,2290,292,30,0,0,32747,64938
1,Piemonte,44,12425,19704,1586,68,37,1,0,33821,8509,22541,2587,309,26,1,0,33973,67794
1,Piemonte,45,12050,20108,1730,68,39,0,0,33995,8099,22601,2639,380,22,0,0,33741,67736
1,Piemonte,46,11285,21343,1908,116,30,0,1,34683,7699,23550,3075,420,19,0,0,34763,69446
1,Piemonte,47,10933,21681,2141,131,35,1,0,34922,7179,24758,3174,505,13,2,0,35631,70553
1,Piemonte,48,10124,22166,2204,127,28,0,0,34649,6732,24385,3390,628,20,0,0,35155,69804
1,Piemonte,49,9823,23362,2465,162,31,1,0,35844,6501,25604,3596,672,11,0,0,36384,72228
1,Piemonte,50,9012,23790,2545,187,42,3,0,35579,5866,25746,3710,807,18,1,0,36148,71727
1,Piemonte,51,8456,24098,2625,219,37,0,0,35435,5721,25750,3829,935,24,1,0,36260,71695
1,Piemonte,52,8188,24536,2847,259,32,1,1,35864,5352,26133,3795,985,14,0,0,36279,72143
1,Piemonte,53,7425,24768,2940,277,41,0,0,35451,5031,26139,3947,1193,16,1,0,36327,71778
1,Piemonte,54,7001,25267,3135,322,29,0,0,35754,4788,26992,3987,1313,13,1,0,37094,72848
1,Piemonte,55,6071,24113,2827,338,33,0,1,33383,4203,25274,3720,1389,10,0,0,34596,67979
1,Piemonte,56,5454,23310,2713,417,26,0,1,31921,3800,24539,3555,1642,11,0,0,33547,65468
1,Piemonte,57,5047,23430,2725,353,34,0,1,31590,3496,24459,3429,1817,6,0,0,33207,64797
1,Piemonte,58,4540,22825,2680,421,23,0,1,30490,3115,23624,3345,2084,6,0,0,32174,62664
1,Piemonte,59,4324,22598,2523,495,26,2,0,29968,2889,23032,3132,2128,5,0,0,31186,61154
1,Piemonte,60,3968,22159,2286,553,15,1,0,28982,2612,22539,2946,2317,10,1,0,30425,59407
1,Piemonte,61,3724,22100,2318,603,24,0,0,28769,2479,22496,2779,2595,6,0,0,30355,59124
1,Piemonte,62,3350,21855,2119,643,20,0,0,27987,2277,22002,2700,2809,12,0,0,29800,57787
1,Piemonte,63,3127,21606,1953,725,22,0,0,27433,2167,21469,2468,3093,5,1,0,29203,56636
1,Piemonte,64,2961,21120,1924,785,10,0,0,26800,1974,21264,2319,3456,7,0,0,29020,55820
1,Piemonte,65,2712,20647,1717,836,14,1,1,25928,1855,20252,2070,3640,5,0,0,27822,53750
1,Piemonte,66,2589,20769,1647,940,7,0,0,25952,1791,19932,1944,4045,12,0,0,27724,53676
1,Piemonte,67,2407,20148,1440,1032,7,0,0,25034,1661,19776,1810,4380,6,0,0,27633,52667
1,Piemonte,68,2372,21024,1405,1121,15,0,0,25937,1631,20282,1809,5122,1,0,0,28845,54782
1,Piemonte,69,2254,21399,1318,1284,8,0,0,26263,1568,20138,1665,5555,2,0,0,28928,55191
1,Piemonte,70,2313,22277,1281,1485,12,0,2,27370,1636,20544,1661,6585,4,0,1,30431,57801
1,Piemonte,71,2114,21735,1220,1606,11,0,0,26686,1534,19717,1571,6857,2,0,0,29681,56367
1,Piemonte,72,1921,20968,1107,1733,10,0,0,25739,1449,18562,1444,7504,2,0,0,28961,54700
1,Piemonte,73,1501,15777,758,1392,8,0,0,19436,1121,13745,954,6348,1,0,0,22169,41605
1,Piemonte,74,1523,16528,730,1677,6,0,0,20464,1235,14148,1000,7443,1,0,0,23827,44291
1,Piemonte,75,1491,15871,623,1752,3,0,0,19740,1250,13550,972,8131,0,0,0,23903,43643
1,Piemonte,76,1498,15784,582,1959,11,0,0,19834,1264,13004,965,8766,2,0,0,24001,43835
1,Piemonte,77,1532,15323,562,2023,4,0,0,19444,1353,12441,811,9715,0,0,0,24320,43764
1,Piemonte,78,1531,16386,572,2428,5,0,0,20922,1401,12706,771,11498,3,0,0,26379,47301
1,Piemonte,79,1459,15650,466,2651,4,0,0,20230,1457,11686,751,12122,2,0,0,26018,46248
1,Piemonte,80,1362,14648,439,2733,5,0,0,19187,1331,10346,701,12582,0,0,0,24960,44147
1,Piemonte,81,1150,12611,371,2662,5,0,1,16800,1309,8614,559,12170,0,0,0,22652,39452
1,Piemonte,82,927,11027,263,2618,1,0,0,14836,1218,6900,460,11855,0,0,0,20433,35269
1,Piemonte,83,945,10122,252,2658,4,0,0,13981,1281,6003,423,12603,0,0,0,20310,34291
1,Piemonte,84,779,8714,186,2552,2,0,0,12233,1090,4901,346,12468,1,0,0,18806,31039
1,Piemonte,85,671,7211,156,2472,0,0,0,10510,1110,3898,313,11989,0,0,0,17310,27820
1,Piemonte,86,629,6259,139,2327,0,0,0,9354,1067,3123,250,11865,1,0,0,16306,25660
1,Piemonte,87,543,5375,99,2239,2,0,0,8258,1034,2470,227,11381,0,0,0,15112,23370
1,Piemonte,88,480,4698,78,2211,2,0,0,7469,1065,2005,189,11060,0,0,0,14319,21788
1,Piemonte,89,364,3482,73,1814,0,0,0,5733,903,1362,168,9500,0,0,0,11933,17666
1,Piemonte,90,268,2514,41,1584,1,0,0,4408,802,930,135,8222,3,0,0,10092,14500
1,Piemonte,91,252,1840,37,1400,0,0,0,3529,706,649,114,7179,0,0,0,8648,12177
1,Piemonte,92,168,1263,23,1056,1,0,0,2511,567,441,84,5968,0,0,0,7060,9571
1,Piemonte,93,117,872,10,858,0,0,0,1857,496,270,72,4774,0,0,0,5612,7469
1,Piemonte,94,93,565,5,679,0,0,0,1342,412,151,49,3704,0,0,0,4316,5658
1,Piemonte,95,60,385,9,547,0,0,0,1001,297,111,42,2919,0,0,0,3369,4370
1,Piemonte,96,55,218,1,377,0,0,0,651,250,69,30,2298,0,0,0,2647,3298
1,Piemonte,97,32,144,2,255,0,0,0,433,188,20,33,1650,0,0,0,1891,2324
1,Piemonte,98,19,82,1,167,0,0,0,269,110,19,12,1080,0,0,0,1221,1490
1,Piemonte,99,3,27,0,57,0,0,0,87,56,11,5,504,0,0,0,576,663
1,Piemonte,100,10,22,1,101,0,0,0,134,110,5,6,844,0,0,0,965,1099
16,Puglia,0,14920,0,0,0,0,0,0,14920,13833,0,0,0,0,0,0,13833,28753
16,Puglia,1,15292,0,0,0,0,0,0,15292,14727,0,0,0,0,0,0,14727,30019
16,Puglia,2,15919,0,0,0,0,0,0,15919,15038,0,0,0,0,0,0,15038,30957
16,Puglia,3,16095,0,0,0,0,0,0,16095,15347,0,0,0,0,0,0,15347,31442
16,Puglia,4,17020,0,0,0,0,0,0,17020,15900,0,0,0,0,0,0,15900,32920
16,Puglia,5,17173,0,0,0,0,0,0,17173,16258,0,0,0,0,0,0,16258,33431
16,Puglia,6,17870,0,0,0,0,0,0,17870,16761,0,0,0,0,0,0,16761,34631
16,Puglia,7,18465,0,0,0,0,0,0,18465,17468,0,0,0,0,0,0,17468,35933
16,Puglia,8,19042,0,0,0,0,0,0,19042,18046,0,0,0,0,0,0,18046,37088
16,Puglia,9,19329,0,0,0,0,0,0,19329,18165,0,0,0,0,0,0,18165,37494
16,Puglia,10,19568,0,0,0,0,0,0,19568,18430,0,0,0,0,0,0,18430,37998
16,Puglia,11,19832,0,0,0,0,0,0,19832,18594,0,0,0,0,0,0,18594,38426
16,Puglia,12,19764,0,0,0,0,0,0,19764,18890,0,0,0,0,0,0,18890,38654
16,Puglia,13,20336,0,0,0,0,0,0,20336,19049,0,0,0,0,0,0,19049,39385
16,Puglia,14,20739,0,0,0,0,0,0,20739,20024,0,0,0,0,0,0,20024,40763
16,Puglia,15,20995,0,0,0,0,0,0,20995,20119,0,0,0,0,0,0,20119,41114
16,Puglia,16,21087,0,0,0,0,0,0,21087,20184,0,0,0,0,0,0,20184,41271
16,Puglia,17,21903,1,0,1,0,0,0,21905,20566,4,0,0,0,0,0,20570,42475
16,Puglia,18,22473,2,0,0,0,0,0,22475,21143,20,0,0,0,0,0,21163,43638
16,Puglia,19,23021,4,0,0,0,0,0,23025,20738,76,0,0,1,0,0,20815,43840
16,Puglia,20,23061,26,0,0,0,0,0,23087,20747,175,0,1,0,0,0,20923,44010
16,Puglia,21,22920,54,1,0,0,0,0,22975,20636,349,0,0,0,0,0,20985,43960
16,Puglia,22,22824,134,1,0,2,0,0,22961,20709,536,2,2,0,0,0,21249,44210
16,Puglia,23,22753,216,4,0,1,0,0,22974,20369,871,6,1,1,0,0,21248,44222
16,Puglia,24,22725,360,5,0,1,0,0,23091,20135,1341,7,4,0,0,0,21487,44578
16,Puglia,25,23005,674,6,1,2,0,0,23688,20141,2074,13,2,2,0,0,22232,45920
16,Puglia,26,23550,1096,12,1,3,0,0,24662,20072,3179,22,3,1,0,0,23277,47939
16,Puglia,27,22432,1658,7,1,3,0,0,24101,18454,4272,39,3,2,0,0,22770,46871
16,Puglia,28,21348,2602,19,3,4,0,0,23976,17067,5497,53,13,3,0,0,22633,46609
16,Puglia,29,19782,3358,21,4,6,0,0,23171,15745,7004,76,16,3,0,0,22844,46015
16,Puglia,30,19159,4778,33,3,8,0,0,23981,14218,8799,89,13,2,0,0,23121,47102
16,Puglia,31,17314,5938,41,3,9,0,0,23305,12640,9872,148,21,0,0,0,22681,45986
16,Puglia,32,15945,7099,74,5,9,0,0,23132,10981,11149,180,35,2,0,0,22347,45479
16,Puglia,33,14373,8281,87,2,6,0,0,22749,9942,12436,228,34,2,0,0,22642,45391
16,Puglia,34,13638,9600,106,4,5,0,0,23353,9365,13893,304,52,1,0,0,23615,46968
16,Puglia,35,12717,10809,137,6,9,0,0,23678,8483,14689,342,55,1,0,0,23570,47248
16,Puglia,36,11829,12098,164,12,8,1,0,24112,7943,16163,378,78,3,0,0,24565,48677
16,Puglia,37,10991,13119,198,12,5,0,0,24325,7371,17066,459,113,2,0,0,25011,49336
16,Puglia,38,10444,14566,269,21,3,0,0,25303,6828,18054,504,121,2,0,0,25509,50812
16,Puglia,39,10179,16083,312,35,13,0,0,26622,6539,19526,632,128,2,0,0,26827,53449
16,Puglia,40,9828,17238,418,35,6,0,0,27525,6323,20390,785,181,3,0,0,27682,55207
16,Puglia,41,9523,18665,442,49,11,0,0,28690,6092,21706,784,199,3,0,0,28784,57474
16,Puglia,42,9114,19790,548,56,10,0,0,29518,6132,22750,945,225,4,0,0,30056,59574
16,Puglia,43,8702,20974,637,66,7,0,0,30386,5727,23736,977,319,1,0,0,30760,61146
16,Puglia,44,8173,21806,670,82,5,0,0,30736,5493,24942,1139,337,1,0,0,31912,62648
16,Puglia,45,7277,21746,740,77,2,1,0,29843,5220,24113,1197,364,7,0,0,30901,60744
16,Puglia,46,6775,21906,727,97,3,0,0,29508,4709,24063,1182,406,3,0,0,30363,59871
16,Puglia,47,6416,22828,832,106,5,0,0,30187,4603,24739,1184,548,4,0,0,31078,61265
16,Puglia,48,5892,23096,820,133,5,1,0,29947,4333,24753,1267,579,2,0,0,30934,60881
16,Puglia,49,5607,23656,884,150,7,0,0,30304,4276,25860,1386,676,4,0,0,32202,62506
16,Puglia,50,5067,24171,962,180,13,0,0,30393,4157,26037,1275,776,6,1,0,32252,62645
16,Puglia,51,4757,24980,987,191,6,0,0,30921,4109,26115,1319,894,3,0,0,32440,63361
16,Puglia,52,4431,25436,1022,234,6,1,0,31130,3934,26594,1360,963,2,0,0,32853,63983
16,Puglia,53,4004,25544,992,256,6,1,0,30803,3800,26757,1390,1074,4,0,0,33025,63828
16,Puglia,54,3708,26309,1061,306,4,0,0,31388,3834,26901,1332,1270,5,0,1,33343,64731
16,Puglia,55,3192,24485,949,321,1,0,1,28949,3396,25198,1280,1320,1,0,0,31195,60144
16,Puglia,56,2940,24016,899,338,4,0,0,28197,3252,24402,1193,1532,1,0,0,30380,58577
16,Puglia,57,2712,24041,820,332,5,0,0,27910,3037,24266,1143,1638,1,0,0,30085,57995
16,Puglia,58,2372,23490,912,400,4,0,0,27178,2886,23333,1134,1865,1,0,1,29220,56398
16,Puglia,59,2210,22841,837,413,5,0,0,26306,2787,22892,1082,1949,0,0,0,28710,55016
16,Puglia,60,1951,21414,765,484,3,0,0,24617,2569,21818,976,2131,0,0,0,27494,52111
16,Puglia,61,1947,21880,804,511,6,0,0,25148,2540,21749,994,2356,1,0,0,27640,52788
16,Puglia,62,1715,21491,662,508,3,0,0,24379,2455,20960,910,2591,0,0,0,26916,51295
16,Puglia,63,1540,21331,648,566,3,0,0,24088,2287,20643,883,2843,1,1,0,26658,50746
16,Puglia,64,1557,20795,584,623,3,0,0,23562,2179,19809,732,3030,1,0,0,25751,49313
16,Puglia,65,1346,20012,561,704,3,0,0,22626,2007,18880,761,3293,1,0,0,24942,47568
16,Puglia,66,1188,19307,461,703,4,0,0,21663,1953,17936,673,3367,1,0,0,23930,45593
16,Puglia,67,1185,19856,490,825,1,0,0,22357,1984,18075,660,3890,1,0,1,24611,46968
16,Puglia,68,1108,20586,484,861,0,0,0,23039,2044,18319,668,4332,1,0,0,25364,48403
16,Puglia,69,1037,20403,444,962,3,0,0,22849,2100,17660,655,4756,0,0,1,25172,48021
16,Puglia,70,1024,21224,433,1170,0,0,0,23851,2126,18400,606,5634,0,0,0,26766,50617
16,Puglia,71,933,19738,390,1224,0,0,0,22285,1979,16760,503,5791,1,0,1,25035,47320
16,Puglia,72,838,18929,395,1351,2,0,0,21515,1865,16031,547,6407,0,0,0,24850,46365
16,Puglia,73,678,16027,290,1224,0,0,0,18219,1748,12746,433,5757,0,0,0,20684,38903
16,Puglia,74,637,13959,222,1219,1,0,0,16038,1544,11187,336,5797,0,0,0,18864,34902
16,Puglia,75,581,13673,229,1299,1,0,1,15784,1513,10662,326,6193,0,0,0,18694,34478
16,Puglia,76,605,13530,204,1479,0,0,0,15818,1575,10426,302,6729,0,0,2,19034,34852
16,Puglia,77,525,12532,186,1499,1,0,0,14743,1495,9186,261,6964,0,0,0,17906,32649
16,Puglia,78,584,13090,167,1775,1,0,0,15617,1571,9189,290,8196,0,0,0,19246,34863
16,Puglia,79,512,12341,137,1825,0,0,0,14815,1580,8623,257,8626,0,0,0,19086,33901
16,Puglia,80,399,11100,153,1813,0,0,0,13465,1479,7330,193,8840,0,0,0,17842,31307
16,Puglia,81,390,9823,106,1887,0,0,0,12206,1376,6420,172,8767,0,0,0,16735,28941
16,Puglia,82,342,8478,89,1889,1,0,0,10799,1243,5159,156,8637,0,0,1,15196,25995
16,Puglia,83,303,8020,89,1890,0,0,0,10302,1219,4544,153,8856,0,0,0,14772,25074
16,Puglia,84,307,6913,53,1979,0,0,0,9252,1266,3755,112,8909,0,0,1,14043,23295
16,Puglia,85,249,5951,49,1899,0,0,0,8148,1097,3045,115,8454,0,0,0,12711,20859
16,Puglia,86,212,4956,35,1893,0,0,0,7096,1022,2464,98,8015,0,0,1,11600,18696
16,Puglia,87,200,4236,36,1846,0,0,1,6319,941,1931,80,7687,1,0,0,10640,16959
16,Puglia,88,169,3578,22,1887,1,0,0,5657,866,1546,66,7572,0,0,0,10050,15707
16,Puglia,89,133,2587,24,1523,0,0,0,4267,801,1057,44,6233,0,0,0,8135,12402
16,Puglia,90,97,1970,15,1385,0,0,0,3467,678,778,33,5623,0,0,1,7113,10580
16,Puglia,91,105,1515,8,1218,0,0,0,2846,567,513,41,4982,0,0,0,6103,8949
16,Puglia,92,54,1041,10,963,0,0,0,2068,505,364,34,3881,0,0,0,4784,6852
16,Puglia,93,45,741,3,757,0,0,0,1546,397,226,21,3125,0,0,0,3769,5315
16,Puglia,94,40,481,1,617,0,0,0,1139,280,151,18,2377,0,0,1,2827,3966
16,Puglia,95,29,306,4,496,0,0,0,835,245,92,9,1950,0,0,0,2296,3131
16,Puglia,96,15,225,2,373,0,0,0,615,177,62,4,1425,0,0,0,1668,2283
16,Puglia,97,16,124,1,248,0,0,0,389,121,46,5,1015,0,0,0,1187,1576
16,Puglia,98,11,81,2,161,0,0,0,255,84,26,3,711,0,0,0,824,1079
16,Puglia,99,8,29,1,74,0,0,0,112,41,8,4,359,0,0,0,412,524
16,Puglia,100,15,56,1,119,0,0,0,191,102,22,2,582,0,0,0,708,899
20,Sardegna,0,4788,0,0,0,0,0,0,4788,4503,0,0,0,0,0,0,4503,9291
20,Sardegna,1,5238,0,0,0,0,0,0,5238,4878,0,0,0,0,0,0,4878,10116
20,Sardegna,2,5445,0,0,0,0,0,0,5445,5047,0,0,0,0,0,0,5047,10492
20,Sardegna,3,5767,0,0,0,0,0,0,5767,5309,0,0,0,0,0,0,5309,11076
20,Sardegna,4,5876,0,0,0,0,0,0,5876,5470,0,0,0,0,0,0,5470,11346
20,Sardegna,5,6052,0,0,0,0,0,0,6052,5705,0,0,0,0,0,0,5705,11757
20,Sardegna,6,6406,0,0,0,0,0,0,6406,5967,0,0,0,0,0,0,5967,12373
20,Sardegna,7,6694,0,0,0,0,0,0,6694,6333,0,0,0,0,0,0,6333,13027
20,Sardegna,8,6950,0,0,0,0,0,0,6950,6451,0,0,0,0,0,0,6451,13401
20,Sardegna,9,7017,0,0,0,0,0,0,7017,6412,0,0,0,0,0,0,6412,13429
20,Sardegna,10,6943,0,0,0,0,0,0,6943,6549,0,0,0,0,0,0,6549,13492
20,Sardegna,11,6875,0,0,0,0,0,0,6875,6559,0,0,0,0,0,0,6559,13434
20,Sardegna,12,7036,0,0,0,0,0,0,7036,6501,0,0,0,0,0,0,6501,13537
20,Sardegna,13,7081,0,0,0,0,0,0,7081,6545,0,0,0,0,0,0,6545,13626
20,Sardegna,14,6955,0,0,0,0,0,0,6955,6449,0,0,0,0,0,0,6449,13404
20,Sardegna,15,7207,0,0,0,0,0,0,7207,6709,0,0,0,0,0,0,6709,13916
20,Sardegna,16,7017,0,0,0,0,0,0,7017,6671,0,0,0,0,0,0,6671,13688
20,Sardegna,17,7196,0,0,0,0,0,0,7196,6821,1,0,0,0,0,0,6822,14018
20,Sardegna,18,7651,0,0,0,0,0,0,7651,6920,5,0,0,0,0,0,6925,14576
20,Sardegna,19,7774,2,1,0,0,0,0,7777,6763,8,0,0,0,0,0,6771,14548
20,Sardegna,20,7707,2,0,0,0,0,0,7709,6613,19,0,0,0,0,0,6632,14341
20,Sardegna,21,7715,9,0,1,0,0,0,7725,6698,45,1,0,1,0,0,6745,14470
20,Sardegna,22,7889,18,0,0,1,0,0,7908,6749,80,0,0,0,0,0,6829,14737
20,Sardegna,23,8100,40,0,0,2,0,0,8142,6891,147,0,1,0,0,0,7039,15181
20,Sardegna,24,8064,72,2,0,1,0,0,8139,7020,242,2,0,0,0,0,7264,15403
20,Sardegna,25,8116,102,1,0,0,0,0,8219,7256,392,7,1,1,0,0,7657,15876
20,Sardegna,26,8416,168,4,0,0,0,0,8588,7369,587,9,0,0,0,0,7965,16553
20,Sardegna,27,8523,340,8,1,1,0,0,8873,7173,856,16,3,2,0,0,8050,16923
20,Sardegna,28,8595,484,6,1,2,0,0,9088,7261,1216,19,2,3,0,0,8501,17589
20,Sardegna,29,8409,678,14,0,2,0,0,9103,6794,1529,31,2,1,0,0,8357,17460
20,Sardegna,30,8180,902,16,2,1,0,0,9101,6540,1997,39,8,3,0,0,8587,17688
20,Sardegna,31,7931,1201,19,1,1,0,0,9153,6182,2426,54,3,3,0,0,8668,17821
20,Sardegna,32,7466,1574,32,3,3,0,0,9078,5965,2689,75,4,2,0,0,8735,17813
20,Sardegna,33,7509,1963,36,1,1,0,0,9510,5690,3268,89,15,7,0,0,9069,18579
20,Sardegna,34,7338,2353,57,3,5,0,0,9756,5367,3598,157,19,4,1,0,9146,18902
20,Sardegna,35,7110,2627,64,2,4,0,0,9807,5249,4112,155,18,6,1,0,9541,19348
20,Sardegna,36,7059,3272,76,5,2,0,0,10414,4995,4680,227,32,3,0,0,9937,20351
20,Sardegna,37,6622,3558,110,6,5,0,0,10301,4799,5085,224,30,5,0,0,10143,20444
20,Sardegna,38,6536,4198,141,9,5,0,0,10889,4598,5380,262,35,4,0,0,10279,21168
20,Sardegna,39,6182,4442,159,9,3,0,0,10795,4402,5844,325,42,1,0,0,10614,21409
20,Sardegna,40,6490,5265,200,11,2,0,0,11968,4427,6572,365,63,4,0,0,11431,23399
20,Sardegna,41,6241,5659,260,17,3,0,0,12180,4184,6939,423,70,3,0,0,11619,23799
20,Sardegna,42,6213,6015,298,13,2,0,0,12541,4217,7450,478,107,3,0,0,12255,24796
20,Sardegna,43,6194,6589,345,20,7,0,0,13155,4158,8092,549,114,3,0,0,12916,26071
20,Sardegna,44,6181,7304,406,36,7,0,0,13934,4117,8422,572,142,5,0,0,13258,27192
20,Sardegna,45,5764,7585,456,39,4,0,0,13848,3817,8726,656,160,2,0,0,13361,27209
20,Sardegna,46,5355,7707,485,37,10,0,0,13594,3553,8887,698,183,2,0,0,13323,26917
20,Sardegna,47,4860,7861,509,42,5,0,0,13277,3400,9249,721,220,0,0,0,13590,26867
20,Sardegna,48,4587,8141,577,49,5,0,0,13359,3109,9004,758,243,4,0,0,13118,26477
20,Sardegna,49,4525,8432,633,74,3,0,0,13667,3009,9694,748,281,0,1,0,13733,27400
20,Sardegna,50,3997,8456,624,63,3,0,0,13143,2829,9547,828,313,0,0,0,13517,26660
20,Sardegna,51,3920,8986,683,84,5,0,0,13678,2732,9895,808,372,3,0,0,13810,27488
20,Sardegna,52,3636,9266,698,87,7,0,0,13694,2671,10090,842,412,0,0,0,14015,27709
20,Sardegna,53,3295,9603,704,121,4,0,0,13727,2541,10012,837,508,1,0,0,13899,27626
20,Sardegna,54,3204,9914,762,112,5,0,0,13997,2369,10478,829,568,1,0,1,14246,28243
20,Sardegna,55,2781,9512,739,119,1,1,0,13153,2290,10093,776,660,2,0,0,13821,26974
20,Sardegna,56,2552,9412,704,155,2,0,0,12825,2068,9906,769,695,1,0,0,13439,26264
20,Sardegna,57,2401,9317,639,157,5,0,0,12519,1941,9837,698,775,2,0,0,13253,25772
20,Sardegna,58,2200,9284,640,203,2,0,0,12329,1803,9381,652,817,1,0,0,12654,24983
20,Sardegna,59,2040,9117,577,204,6,0,0,11944,1662,9267,664,893,1,0,0,12487,24431
20,Sardegna,60,1914,9015,533,226,1,0,0,11689,1568,9093,647,992,0,0,0,12300,23989
20,Sardegna,61,1772,9044,536,229,4,0,0,11585,1553,9112,557,1142,1,0,0,12365,23950
20,Sardegna,62,1672,8933,500,252,6,0,0,11363,1433,8928,525,1205,2,0,0,12093,23456
20,Sardegna,63,1522,8751,471,276,5,0,0,11025,1425,8559,428,1299,0,0,0,11711,22736
20,Sardegna,64,1497,8885,481,314,4,0,0,11181,1396,8461,469,1459,0,0,0,11785,22966
20,Sardegna,65,1337,8584,429,301,1,0,0,10652,1335,7954,443,1447,0,0,0,11179,21831
20,Sardegna,66,1292,8411,363,337,0,1,0,10404,1278,7910,381,1540,0,0,0,11109,21513
20,Sardegna,67,1158,8253,365,328,2,0,0,10106,1168,7608,341,1842,1,0,0,10960,21066
20,Sardegna,68,1130,8281,350,440,1,0,0,10202,1254,7298,373,1995,0,0,0,10920,21122
20,Sardegna,69,1068,8111,275,421,1,0,0,9876,1088,7096,301,2064,0,0,0,10549,20425
20,Sardegna,70,1071,8022,302,486,0,0,0,9881,1189,7094,313,2242,0,0,0,10838,20719
20,Sardegna,71,949,7705,270,483,1,0,1,9409,1106,6555,261,2408,0,0,0,10330,19739
20,Sardegna,72,798,7328,244,487,0,0,0,8857,1057,5764,248,2443,0,0,0,9512,18369
20,Sardegna,73,826,6579,164,460,0,0,0,8029,1009,5265,218,2597,0,0,0,9089,17118
20,Sardegna,74,766,6220,156,543,2,0,0,7687,1038,4981,186,2715,0,0,0,8920,16607
20,Sardegna,75,621,5781,150,536,2,0,0,7090,998,4662,164,2960,0,0,0,8784,15874
20,Sardegna,76,665,5839,128,631,1,0,0,7264,945,4494,142,3267,0,1,0,8849,16113
20,Sardegna,77,599,5208,129,590,0,0,0,6526,962,3844,128,3303,0,0,0,8237,14763
20,Sardegna,78,709,5466,135,732,0,0,0,7042,1054,3911,122,3959,0,0,0,9046,16088
20,Sardegna,79,635,5103,108,699,0,0,0,6545,999,3372,107,3798,0,0,0,8276,14821
20,Sardegna,80,521,4318,80,677,0,0,0,5596,949,2764,103,3710,0,0,0,7526,13122
20,Sardegna,81,461,3761,71,693,0,0,0,4986,892,2337,74,3643,0,0,0,6946,11932
20,Sardegna,82,427,3521,55,667,0,0,0,4670,903,1970,67,3704,0,0,0,6644,11314
20,Sardegna,83,366,2891,38,621,0,0,0,3916,854,1609,44,3588,0,0,0,6095,10011
20,Sardegna,84,372,2851,40,731,0,0,0,3994,800,1408,50,3718,1,0,1,5978,9972
20,Sardegna,85,332,2515,35,702,0,0,0,3584,751,1122,57,3668,0,0,0,5598,9182
20,Sardegna,86,278,2017,25,664,0,0,0,2984,751,912,20,3385,0,0,0,5068,8052
20,Sardegna,87,226,1773,20,604,0,0,1,2624,604,638,30,3130,0,0,0,4402,7026
20,Sardegna,88,226,1509,13,645,0,0,0,2393,647,533,26,3192,0,0,0,4398,6791
20,Sardegna,89,178,1136,10,518,0,0,0,1842,569,371,16,2800,1,0,0,3757,5599
20,Sardegna,90,137,912,8,475,0,0,0,1532,505,283,21,2457,0,0,0,3266,4798
20,Sardegna,91,98,688,3,346,0,0,0,1135,401,197,10,2036,0,0,0,2644,3779
20,Sardegna,92,98,507,2,363,0,0,0,970,350,137,6,1731,0,0,0,2224,3194
20,Sardegna,93,64,309,2,281,0,0,0,656,247,91,5,1329,0,0,0,1672,2328
20,Sardegna,94,41,237,1,229,0,0,0,508,216,67,4,1138,0,0,0,1425,1933
20,Sardegna,95,39,180,2,185,0,0,0,406,144,32,2,805,0,0,0,983,1389
20,Sardegna,96,19,114,0,162,0,0,0,295,108,24,5,635,0,0,0,772,1067
20,Sardegna,97,14,69,0,95,0,0,0,178,75,13,1,442,0,0,0,531,709
20,Sardegna,98,11,40,0,69,0,0,0,120,51,7,1,360,0,0,0,419,539
20,Sardegna,99,3,21,1,44,0,0,0,69,34,5,0,189,0,0,0,228,297
20,Sardegna,100,3,35,0,52,0,0,0,90,52,2,2,266,0,0,0,322,412
19,Sicilia,0,20718,0,0,0,0,0,0,20718,19619,0,0,0,0,0,0,19619,40337
19,Sicilia,1,21275,0,0,0,0,0,0,21275,19978,0,0,0,0,0,0,19978,41253
19,Sicilia,2,21161,0,0,0,0,0,0,21161,20285,0,0,0,0,0,0,20285,41446
19,Sicilia,3,22062,0,0,0,0,0,0,22062,20816,0,0,0,0,0,0,20816,42878
19,Sicilia,4,22577,0,0,0,0,0,0,22577,21387,0,0,0,0,0,0,21387,43964
19,Sicilia,5,22216,0,0,0,0,0,0,22216,21181,0,0,0,0,0,0,21181,43397
19,Sicilia,6,23276,0,0,0,0,0,0,23276,22294,0,0,0,0,0,0,22294,45570
19,Sicilia,7,23502,0,0,0,0,0,0,23502,22544,0,0,0,0,0,0,22544,46046
19,Sicilia,8,23977,0,0,0,0,0,0,23977,23055,0,0,0,0,0,0,23055,47032
19,Sicilia,9,24671,0,0,0,0,0,0,24671,23511,0,0,0,0,0,0,23511,48182
19,Sicilia,10,25199,0,0,0,0,0,0,25199,23904,0,0,0,0,0,0,23904,49103
19,Sicilia,11,24853,0,0,0,0,0,0,24853,23717,0,0,0,0,0,0,23717,48570
19,Sicilia,12,25877,0,0,0,0,0,0,25877,23846,0,0,0,0,0,0,23846,49723
19,Sicilia,13,26107,0,0,0,0,0,0,26107,24406,0,0,0,0,0,0,24406,50513
19,Sicilia,14,26558,0,0,0,0,0,0,26558,25045,0,0,0,0,0,0,25045,51603
19,Sicilia,15,26337,0,0,0,0,0,0,26337,25094,0,0,0,0,0,0,25094,51431
19,Sicilia,16,26569,0,0,0,0,0,0,26569,25166,0,0,0,0,0,0,25166,51735
19,Sicilia,17,27341,2,0,0,0,0,0,27343,25356,2,0,0,0,0,0,25358,52701
19,Sicilia,18,28531,7,0,0,0,0,0,28538,25724,64,0,0,0,0,0,25788,54326
19,Sicilia,19,29063,29,0,1,0,0,0,29093,26331,215,0,0,0,0,0,26546,55639
19,Sicilia,20,28825,52,0,0,0,0,0,28877,25726,517,0,0,0,0,0,26243,55120
19,Sicilia,21,28846,154,0,0,2,0,0,29002,25560,858,2,0,1,0,0,26421,55423
19,Sicilia,22,28623,298,4,0,1,0,0,28926,25587,1281,5,0,0,0,0,26873,55799
19,Sicilia,23,28478,573,2,0,0,0,0,29053,25248,2024,8,2,1,0,0,27283,56336
19,Sicilia,24,28868,900,1,0,2,0,0,29771,24952,2971,15,4,3,0,0,27945,57716
19,Sicilia,25,28921,1530,5,3,2,0,0,30461,24809,4290,36,5,4,0,0,29144,59605
19,Sicilia,26,29372,2346,9,0,1,0,0,31728,24510,5781,31,5,2,0,0,30329,62057
19,Sicilia,27,27680,3365,12,0,4,1,0,31062,22097,7565,61,9,2,0,0,29734,60796
19,Sicilia,28,26706,4536,34,2,2,0,0,31280,20678,9303,92,10,6,0,0,30089,61369
19,Sicilia,29,24952,6032,47,4,2,0,0,31037,18841,11158,130,22,7,0,0,30158,61195
19,Sicilia,30,23536,7630,58,4,10,0,0,31238,16948,13013,124,34,8,1,0,30128,61366
19,Sicilia,31,21133,9023,70,4,5,0,0,30235,14855,14252,225,24,8,0,0,29364,59599
19,Sicilia,32,19419,10750,103,8,8,0,0,30288,13140,15836,261,48,4,0,0,29289,59577
19,Sicilia,33,18173,12367,118,13,6,1,0,30678,11939,17402,316,39,7,0,0,29703,60381
19,Sicilia,34,16551,13813,192,12,10,0,0,30578,11136,18715,410,78,3,0,0,30342,60920
19,Sicilia,35,14981,15046,219,20,9,0,0,30275,9678,19684,477,76,3,0,0,29918,60193
19,Sicilia,36,14300,16530,281,13,11,0,0,31135,9057,21085,566,118,14,0,0,30840,61975
19,Sicilia,37,13133,17407,295,17,11,0,0,30863,8334,21921,630,139,10,0,0,31034,61897
19,Sicilia,38,12438,19276,376,22,10,0,0,32122,7863,23373,701,157,6,0,0,32100,64222
19,Sicilia,39,11767,19972,448,45,11,0,0,32243,7403,24200,818,179,9,0,0,32609,64852
19,Sicilia,40,11297,21280,505,44,8,1,0,33135,7046,25182,955,223,5,0,0,33411,66546
19,Sicilia,41,10619,22188,606,37,13,0,0,33463,6870,25906,1004,263,4,1,0,34048,67511
19,Sicilia,42,10573,23806,722,53,3,0,0,35157,6717,27412,1179,313,4,0,0,35625,70782
19,Sicilia,43,10020,25144,755,77,16,0,0,36012,6546,28379,1237,353,11,0,0,36526,72538
19,Sicilia,44,9769,26189,841,82,8,0,0,36889,6465,29666,1418,469,6,0,0,38024,74913
19,Sicilia,45,8862,26231,878,120,13,1,0,36105,5907,29427,1506,542,7,0,0,37389,73494
19,Sicilia,46,8451,26661,993,112,14,0,0,36231,5711,29733,1563,615,1,0,0,37623,73854
19,Sicilia,47,7802,27645,1071,139,13,0,0,36670,5620,30809,1571,658,11,0,0,38669,75339
19,Sicilia,48,7122,27588,1093,150,7,0,0,35960,5394,30532,1671,778,8,1,0,38384,74344
19,Sicilia,49,6936,29231,1186,199,10,0,0,37562,5246,31417,1690,947,5,1,0,39306,76868
19,Sicilia,50,6373,29133,1190,228,15,1,0,36940,5109,31049,1807,1060,3,0,1,39029,75969
19,Sicilia,51,6024,29795,1220,259,13,0,0,37311,4891,31487,1825,1205,0,1,0,39409,76720
19,Sicilia,52,5660,29680,1230,271,11,0,0,36852,4827,31283,1801,1291,4,0,0,39206,76058
19,Sicilia,53,5289,29670,1239,267,11,0,0,36476,4730,31071,1776,1513,2,1,0,39093,75569
19,Sicilia,54,5161,30681,1367,350,13,0,0,37572,4558,31703,1818,1733,1,0,0,39813,77385
19,Sicilia,55,4415,29349,1243,410,7,1,1,35426,4308,30096,1657,1837,0,0,1,37899,73325
19,Sicilia,56,4071,29301,1232,436,11,1,0,35052,4128,30031,1595,2181,1,0,0,37936,72988
19,Sicilia,57,3900,28517,1180,467,6,0,0,34070,3936,29323,1578,2250,2,0,0,37089,71159
19,Sicilia,58,3556,28785,1112,487,6,0,0,33946,3942,29220,1514,2657,2,0,0,37335,71281
19,Sicilia,59,3344,27467,1097,526,7,0,0,32441,3555,27234,1461,2915,0,0,0,35165,67606
19,Sicilia,60,3100,26550,980,572,4,0,0,31206,3312,26305,1367,3170,1,0,0,34155,65361
19,Sicilia,61,2890,26514,980,633,11,0,0,31028,3316,26061,1323,3472,2,0,0,34174,65202
19,Sicilia,62,2610,25997,866,649,6,2,0,30130,3146,25307,1164,3759,2,0,0,33378,63508
19,Sicilia,63,2524,26143,911,761,3,1,0,30343,2975,24649,1153,4061,1,1,1,32841,63184
19,Sicilia,64,2275,25625,791,877,5,0,0,29573,2958,24329,1135,4560,0,0,0,32982,62555
19,Sicilia,65,2043,23662,755,828,7,0,0,27295,2646,21954,1057,4567,0,0,0,30224,57519
19,Sicilia,66,1976,23250,709,920,3,1,0,26859,2552,21281,982,5075,1,0,0,29891,56750
19,Sicilia,67,1844,23264,696,954,3,0,0,26761,2547,20472,893,5424,0,0,0,29336,56097
19,Sicilia,68,1751,23749,640,1114,2,0,0,27256,2627,20561,989,6190,1,0,0,30368,57624
19,Sicilia,69,1653,23670,625,1188,3,0,1,27140,2437,20301,824,7000,0,0,0,30562,57702
19,Sicilia,70,1644,24307,607,1407,3,0,1,27969,2556,20256,790,7818,0,0,1,31421,59390
19,Sicilia,71,1510,23664,580,1479,0,0,0,27233,2420,19128,752,8619,0,0,0,30919,58152
19,Sicilia,72,1347,21118,498,1513,2,0,0,24478,2210,16868,659,8634,1,0,0,28372,52850
19,Sicilia,73,1039,17820,373,1361,2,0,0,20595,1947,13619,495,7758,0,0,0,23819,44414
19,Sicilia,74,989,16592,335,1425,3,0,0,19344,1793,12381,525,8204,0,0,1,22904,42248
19,Sicilia,75,880,15325,316,1591,0,0,0,18112,1745,11130,425,8468,0,0,0,21768,39880
19,Sicilia,76,830,14744,262,1611,0,0,0,17447,1693,10362,409,9127,0,0,0,21591,39038
19,Sicilia,77,772,14310,232,1692,1,0,0,17007,1774,9552,410,9785,0,0,1,21522,38529
19,Sicilia,78,856,15589,252,2084,0,0,0,18781,1895,10138,430,11892,0,0,0,24355,43136
19,Sicilia,79,772,14422,237,2201,1,0,0,17633,1782,8813,366,12016,0,0,0,22977,40610
19,Sicilia,80,678,13100,202,2138,0,0,0,16118,1706,7597,320,12115,0,0,0,21738,37856
19,Sicilia,81,605,11081,137,2091,1,0,0,13915,1553,6105,283,11243,0,0,0,19184,33099
19,Sicilia,82,522,10178,125,2171,0,0,0,12996,1519,5172,244,11341,0,0,0,18276,31272
19,Sicilia,83,487,9293,136,2227,2,0,0,12145,1498,4389,210,11673,0,0,0,17770,29915
19,Sicilia,84,467,8440,89,2373,1,0,0,11370,1349,3704,214,11865,0,0,0,17132,28502
19,Sicilia,85,379,7495,80,2378,1,0,0,10333,1366,3014,159,11275,0,0,0,15814,26147
19,Sicilia,86,316,5815,65,2230,0,0,0,8426,1256,2252,145,10242,0,0,0,13895,22321
19,Sicilia,87,280,4950,36,2152,1,0,0,7419,1199,1744,133,9762,0,0,0,12838,20257
19,Sicilia,88,281,4358,43,2141,1,0,0,6824,1130,1431,129,9722,0,0,0,12412,19236
19,Sicilia,89,194,3095,35,1684,0,0,0,5008,923,916,80,7747,0,0,0,9666,14674
19,Sicilia,90,152,2454,27,1520,0,0,0,4153,824,685,90,6719,0,0,0,8318,12471
19,Sicilia,91,113,1805,25,1286,0,0,0,3229,675,418,54,5456,0,0,0,6603,9832
19,Sicilia,92,96,1278,19,1073,0,0,0,2466,572,307,55,4788,0,0,0,5722,8188
19,Sicilia,93,90,924,8,828,0,0,0,1850,510,200,39,3732,0,0,0,4481,6331
19,Sicilia,94,68,607,6,691,1,0,0,1373,383,161,31,3092,0,0,0,3667,5040
19,Sicilia,95,53,386,3,516,0,0,0,958,255,102,21,2195,0,0,0,2573,3531
19,Sicilia,96,30,251,4,398,0,0,0,683,208,71,11,1725,0,0,0,2015,2698
19,Sicilia,97,26,169,3,256,0,0,0,454,137,31,12,1134,0,0,0,1314,1768
19,Sicilia,98,22,95,5,160,0,0,0,282,107,39,6,816,0,0,0,968,1250
19,Sicilia,99,10,52,1,82,0,0,0,145,50,15,0,401,0,0,0,466,611
19,Sicilia,100,17,83,3,118,0,0,0,221,99,32,3,692,0,0,0,826,1047
9,Toscana,0,12632,0,0,0,0,0,0,12632,12213,0,0,0,0,0,0,12213,24845
9,Toscana,1,13548,0,0,0,0,0,0,13548,12750,0,0,0,0,0,0,12750,26298
9,Toscana,2,13985,0,0,0,0,0,0,13985,13274,0,0,0,0,0,0,13274,27259
9,Toscana,3,14420,0,0,0,0,0,0,14420,13376,0,0,0,0,0,0,13376,27796
9,Toscana,4,15076,0,0,0,0,0,0,15076,14307,0,0,0,0,0,0,14307,29383
9,Toscana,5,15351,0,0,0,0,0,0,15351,14413,0,0,0,0,0,0,14413,29764
9,Toscana,6,16087,0,0,0,0,0,0,16087,15424,0,0,0,0,0,0,15424,31511
9,Toscana,7,16394,0,0,0,0,0,0,16394,15575,0,0,0,0,0,0,15575,31969
9,Toscana,8,16936,0,0,0,0,0,0,16936,15997,0,0,0,0,0,0,15997,32933
9,Toscana,9,17073,0,0,0,0,0,0,17073,16079,0,0,0,0,0,0,16079,33152
9,Toscana,10,17748,0,0,0,0,0,0,17748,16388,0,0,0,0,0,0,16388,34136
9,Toscana,11,17550,0,0,0,0,0,0,17550,16256,0,0,0,0,0,0,16256,33806
9,Toscana,12,17220,0,0,0,0,0,0,17220,16226,0,0,0,0,0,0,16226,33446
9,Toscana,13,17208,0,0,0,0,0,0,17208,16103,0,0,0,0,0,0,16103,33311
9,Toscana,14,17192,0,0,0,0,0,0,17192,16073,0,0,0,0,0,0,16073,33265
9,Toscana,15,16801,0,0,0,0,0,0,16801,15690,0,0,0,0,0,0,15690,32491
9,Toscana,16,16889,0,0,0,0,0,0,16889,15742,0,0,0,0,0,0,15742,32631
9,Toscana,17,16786,0,0,0,0,0,0,16786,15761,1,0,0,0,0,0,15762,32548
9,Toscana,18,17220,1,0,0,0,0,0,17221,15815,26,0,0,0,0,0,15841,33062
9,Toscana,19,17234,6,0,0,0,0,0,17240,15159,86,0,0,1,0,0,15246,32486
9,Toscana,20,17795,17,0,0,0,0,0,17812,15253,228,2,0,0,0,0,15483,33295
9,Toscana,21,17518,36,0,0,0,1,0,17555,15181,354,1,0,0,0,0,15536,33091
9,Toscana,22,17321,97,1,1,2,0,0,17422,15047,579,2,1,3,0,0,15632,33054
9,Toscana,23,16927,147,1,0,1,0,0,17076,14674,840,10,1,1,0,0,15526,32602
9,Toscana,24,16772,276,2,1,2,0,0,17053,14822,1082,6,1,0,0,0,15911,32964
9,Toscana,25,17046,405,2,0,4,0,0,17457,14551,1567,20,1,5,0,0,16144,33601
9,Toscana,26,17401,725,11,0,6,0,0,18143,14932,2307,29,0,3,0,1,17272,35415
9,Toscana,27,17050,1104,9,1,9,0,0,18173,14339,2940,43,3,1,0,0,17326,35499
9,Toscana,28,17317,1757,12,0,9,0,0,19095,14160,3796,70,12,3,0,1,18042,37137
9,Toscana,29,16358,2315,30,2,11,0,0,18716,13514,4623,84,11,8,0,0,18240,36956
9,Toscana,30,16179,3167,36,1,10,0,0,19393,12994,5902,140,14,12,0,0,19062,38455
9,Toscana,31,14949,4050,49,3,11,0,0,19062,11895,6771,168,16,11,0,0,18861,37923
9,Toscana,32,13848,4752,82,1,15,0,0,18698,11117,7853,220,17,12,0,0,19219,37917
9,Toscana,33,13877,5686,140,1,16,0,0,19720,10977,8768,297,32,17,0,0,20091,39811
9,Toscana,34,13203,6752,164,6,18,0,0,20143,10257,9696,328,28,10,0,0,20319,40462
9,Toscana,35,12699,7702,194,9,22,0,0,20626,9925,10537,441,39,13,0,0,20955,41581
9,Toscana,36,12431,8730,250,6,16,0,0,21433,9609,11330,498,47,18,0,0,21502,42935
9,Toscana,37,11817,9482,307,10,19,0,0,21635,9056,12131,658,64,14,0,0,21923,43558
9,Toscana,38,11619,10396,420,9,18,0,0,22462,8857,12828,704,79,17,1,0,22486,44948
9,Toscana,39,11408,11350,494,20,23,0,0,23295,8791,13936,834,108,13,1,0,23683,46978
9,Toscana,40,11704,12421,513,22,17,0,0,24677,9047,14904,1090,119,25,1,1,25187,49864
9,Toscana,41,11445,13508,627,23,20,0,0,25623,8849,15880,1208,144,24,2,1,26108,51731
9,Toscana,42,11411,14361,854,34,23,0,0,26683,8721,17307,1351,167,22,0,0,27568,54251
9,Toscana,43,11467,15459,932,45,29,0,0,27932,8729,18457,1607,199,18,0,0,29010,56942
9,Toscana,44,11365,16781,1078,55,41,0,0,29320,8434,19850,1777,268,21,0,0,30350,59670
9,Toscana,45,10599,17619,1184,70,26,0,0,29498,8123,20223,1999,252,22,0,0,30619,60117
9,Toscana,46,10032,18437,1317,93,22,0,0,29901,7481,20597,2138,342,22,0,0,30580,60481
9,Toscana,47,9309,19128,1441,90,25,0,0,29993,7127,21164,2308,392,16,0,0,31007,61000
9,Toscana,48,8873,19259,1609,91,20,0,0,29852,6496,20838,2371,406,11,0,0,30122,59974
9,Toscana,49,8125,20278,1815,95,25,0,1,30339,6275,21973,2557,489,10,1,0,31305,61644
9,Toscana,50,7527,20216,1771,119,30,0,0,29663,5945,21838,2613,569,19,0,0,30984,60647
9,Toscana,51,7071,20581,1928,146,18,0,0,29744,5548,22337,2769,674,23,0,1,31352,61096
9,Toscana,52,6809,21300,2143,183,24,0,0,30459,5154,22671,2798,760,11,0,0,31394,61853
9,Toscana,53,6289,21678,2103,215,31,0,1,30317,4993,22809,2850,816,9,0,0,31477,61794
9,Toscana,54,5704,22150,2279,279,34,0,0,30446,4551,23238,2979,997,16,0,1,31782,62228
9,Toscana,55,4940,21037,2117,265,32,0,0,28391,3974,21880,2880,1050,13,0,0,29797,58188
9,Toscana,56,4453,20470,2059,265,25,0,0,27272,3545,21391,2645,1250,10,0,0,28841,56113
9,Toscana,57,3971,20164,1972,309,22,0,0,26438,3359,21134,2624,1350,10,0,0,28477,54915
9,Toscana,58,3545,19969,1969,340,22,0,0,25845,3029,20453,2494,1436,9,0,0,27421,53266
9,Toscana,59,3337,19692,1809,383,22,0,1,25244,2886,19913,2316,1606,9,0,0,26730,51974
9,Toscana,60,2968,18702,1638,420,36,0,1,23765,2644,19641,2181,1749,9,0,1,26225,49990
9,Toscana,61,2636,18596,1630,431,22,0,0,23315,2452,19027,2056,1955,5,0,0,25495,48810
9,Toscana,62,2484,18369,1496,549,21,0,0,22919,2251,18762,1898,2289,5,1,1,25207,48126
9,Toscana,63,2396,17890,1420,573,17,1,0,22297,2102,18545,1824,2347,10,0,1,24829,47126
9,Toscana,64,2090,17862,1336,595,13,0,0,21896,1918,18304,1794,2563,4,0,0,24583,46479
9,Toscana,65,1944,17297,1173,658,8,0,0,21080,1759,16996,1573,2715,4,0,1,23048,44128
9,Toscana,66,1773,17092,1096,693,12,0,0,20666,1609,17123,1433,2884,3,0,1,23053,43719
9,Toscana,67,1744,17155,995,787,19,0,0,20700,1402,16797,1345,3147,4,0,0,22695,43395
9,Toscana,68,1641,17621,1047,863,8,0,0,21180,1438,16957,1366,3662,8,0,0,23431,44611
9,Toscana,69,1612,18332,946,984,10,0,0,21884,1436,17546,1261,4362,3,0,0,24608,46492
9,Toscana,70,1617,19465,929,1189,7,0,0,23207,1393,18403,1288,5038,2,0,0,26124,49331
9,Toscana,71,1502,19226,898,1228,11,0,0,22865,1319,18089,1223,5551,0,1,0,26183,49048
9,Toscana,72,1420,19244,754,1445,9,0,0,22872,1334,17462,1138,6250,2,0,0,26186,49058
9,Toscana,73,1064,14619,580,1250,6,0,0,17519,957,13260,821,5330,1,0,0,20369,37888
9,Toscana,74,1024,14388,545,1337,7,0,0,17301,995,12571,734,6003,4,0,0,20307,37608
9,Toscana,75,978,14191,451,1475,5,0,0,17100,973,12243,700,6445,2,0,0,20363,37463
9,Toscana,76,1030,13156,435,1392,11,0,0,16024,1001,11183,594,6716,0,0,0,19494,35518
9,Toscana,77,1058,13095,399,1544,9,0,0,16105,936,11165,595,7487,2,0,0,20185,36290
9,Toscana,78,1100,14163,384,1887,8,0,0,17542,1043,11430,614,9456,2,0,0,22545,40087
9,Toscana,79,1106,13310,315,2014,1,0,1,16747,986,10237,510,9650,0,0,0,21383,38130
9,Toscana,80,935,12921,301,2159,0,0,0,16316,984,9434,425,10345,0,0,0,21188,37504
9,Toscana,81,874,10889,261,1997,0,0,0,14021,930,7644,381,10126,0,0,0,19081,33102
9,Toscana,82,748,9322,179,2034,1,0,0,12284,886,6143,311,9736,1,0,1,17078,29362
9,Toscana,83,714,9097,163,2010,0,0,0,11984,844,5609,282,10347,1,0,0,17083,29067
9,Toscana,84,599,7632,160,2039,3,0,0,10433,784,4362,231,10101,0,0,0,15478,25911
9,Toscana,85,565,6688,101,1966,5,0,0,9325,735,3415,194,10110,0,0,0,14454,23779
9,Toscana,86,486,5559,78,1920,0,0,0,8043,731,2782,169,9689,0,0,0,13371,21414
9,Toscana,87,447,5015,77,1805,2,0,0,7346,714,2239,159,9672,0,0,0,12784,20130
9,Toscana,88,410,4162,68,1888,1,0,0,6529,670,1783,156,9645,0,0,0,12254,18783
9,Toscana,89,265,3216,43,1591,0,0,0,5115,573,1260,104,8326,0,0,0,10263,15378
9,Toscana,90,213,2495,28,1453,0,0,0,4189,561,876,77,7637,0,0,0,9151,13340
9,Toscana,91,161,1914,25,1297,0,0,0,3397,503,584,63,6644,0,0,0,7794,11191
9,Toscana,92,150,1362,19,1103,0,0,0,2634,425,439,57,5477,0,0,0,6398,9032
9,Toscana,93,105,890,7,895,0,0,0,1897,331,269,47,4711,0,0,0,5358,7255
9,Toscana,94,77,610,12,747,0,0,0,1446,323,184,32,3772,0,0,0,4311,5757
9,Toscana,95,51,416,5,582,0,0,0,1054,225,121,19,3001,0,0,0,3366,4420
9,Toscana,96,36,246,5,399,0,0,0,686,146,71,15,2240,0,0,0,2472,3158
9,Toscana,97,28,150,7,321,0,0,0,506,142,49,8,1670,0,0,0,1869,2375
9,Toscana,98,11,79,1,201,0,0,0,292,90,30,10,1227,0,0,0,1357,1649
9,Toscana,99,5,40,0,90,0,0,0,135,42,7,3,547,0,0,0,599,734
9,Toscana,100,5,32,0,125,0,0,0,162,85,12,4,718,0,0,0,819,981
10,Umbria,0,3029,0,0,0,0,0,0,3029,2787,0,0,0,0,0,0,2787,5816
10,Umbria,1,3118,0,0,0,0,0,0,3118,2960,0,0,0,0,0,0,2960,6078
10,Umbria,2,3302,0,0,0,0,0,0,3302,3145,0,0,0,0,0,0,3145,6447
10,Umbria,3,3350,0,0,0,0,0,0,3350,3196,0,0,0,0,0,0,3196,6546
10,Umbria,4,3555,0,0,0,0,0,0,3555,3401,0,0,0,0,0,0,3401,6956
10,Umbria,5,3742,0,0,0,0,0,0,3742,3515,0,0,0,0,0,0,3515,7257
10,Umbria,6,3804,0,0,0,0,0,0,3804,3784,0,0,0,0,0,0,3784,7588
10,Umbria,7,3910,0,0,0,0,0,0,3910,3770,0,0,0,0,0,0,3770,7680
10,Umbria,8,4058,0,0,0,0,0,0,4058,3792,0,0,0,0,0,0,3792,7850
10,Umbria,9,4070,0,0,0,0,0,0,4070,3786,0,0,0,0,0,0,3786,7856
10,Umbria,10,4196,0,0,0,0,0,0,4196,4038,0,0,0,0,0,0,4038,8234
10,Umbria,11,4250,0,0,0,0,0,0,4250,3962,0,0,0,0,0,0,3962,8212
10,Umbria,12,4189,0,0,0,0,0,0,4189,3904,0,0,0,0,0,0,3904,8093
10,Umbria,13,4168,0,0,0,0,0,0,4168,3880,0,0,0,0,0,0,3880,8048
10,Umbria,14,4006,0,0,0,0,0,0,4006,3815,0,0,0,0,0,0,3815,7821
10,Umbria,15,4052,0,0,0,0,0,0,4052,3686,0,0,0,0,0,0,3686,7738
10,Umbria,16,3946,0,0,0,0,0,0,3946,3790,0,0,0,0,0,0,3790,7736
10,Umbria,17,3951,0,0,0,0,0,0,3951,3704,1,0,0,0,0,0,3705,7656
10,Umbria,18,3994,0,0,0,0,0,0,3994,3853,4,0,0,0,0,0,3857,7851
10,Umbria,19,4199,1,0,0,0,0,0,4200,3582,23,0,0,0,0,0,3605,7805
10,Umbria,20,4214,4,0,0,0,1,0,4219,3626,49,0,0,1,0,0,3676,7895
10,Umbria,21,4132,6,0,0,0,0,0,4138,3647,70,0,0,0,0,0,3717,7855
10,Umbria,22,4148,20,1,0,0,0,0,4169,3598,144,0,0,0,0,0,3742,7911
10,Umbria,23,4079,55,0,0,1,0,0,4135,3606,193,1,0,0,0,0,3800,7935
10,Umbria,24,4026,59,0,0,0,0,0,4085,3562,284,0,0,0,0,0,3846,7931
10,Umbria,25,4107,125,2,0,0,0,0,4234,3559,404,4,0,1,0,0,3968,8202
10,Umbria,26,4250,194,0,0,1,0,0,4445,3559,615,6,1,2,0,0,4183,8628
10,Umbria,27,4117,258,5,0,0,0,0,4380,3326,790,13,2,0,0,0,4131,8511
10,Umbria,28,4001,440,10,0,1,0,0,4452,3293,973,23,0,0,0,0,4289,8741
10,Umbria,29,3954,610,5,1,2,1,0,4573,3164,1241,18,2,1,0,0,4426,8999
10,Umbria,30,3850,840,9,0,3,0,0,4702,3089,1589,28,3,2,0,0,4711,9413
10,Umbria,31,3502,1054,23,1,2,0,0,4582,2672,1806,42,9,1,0,0,4530,9112
10,Umbria,32,3370,1222,17,1,3,0,0,4613,2566,2012,63,8,1,0,0,4650,9263
10,Umbria,33,3238,1401,31,0,4,0,0,4674,2492,2312,69,8,4,0,0,4885,9559
10,Umbria,34,3012,1710,35,1,3,0,0,4761,2320,2533,81,10,2,0,0,4946,9707
10,Umbria,35,3107,2040,29,4,2,0,0,5182,2238,2888,111,10,6,0,0,5253,10435
10,Umbria,36,2839,2265,55,2,4,0,0,5165,2147,2865,124,11,1,0,0,5148,10313
10,Umbria,37,2722,2489,73,2,1,0,0,5287,2029,3201,141,19,5,0,0,5395,10682
10,Umbria,38,2531,2721,84,2,2,0,0,5340,1878,3312,175,21,2,0,0,5388,10728
10,Umbria,39,2571,2879,102,1,1,0,0,5554,1758,3605,192,29,0,0,0,5584,11138
10,Umbria,40,2484,3097,119,6,4,0,0,5710,1894,3864,211,32,1,0,0,6002,11712
10,Umbria,41,2434,3442,146,7,4,0,0,6033,1716,4107,276,47,3,0,0,6149,12182
10,Umbria,42,2454,3593,174,7,4,0,0,6232,1680,4348,292,47,3,0,0,6370,12602
10,Umbria,43,2354,3872,193,8,2,0,0,6429,1711,4644,333,61,4,0,0,6753,13182
10,Umbria,44,2204,4265,214,12,5,0,0,6700,1635,5010,366,77,1,0,0,7089,13789
10,Umbria,45,2164,4352,195,15,7,0,0,6733,1480,4968,415,83,0,0,0,6946,13679
10,Umbria,46,1931,4334,285,14,4,0,0,6568,1453,4992,439,89,3,0,0,6976,13544
10,Umbria,47,1862,4544,294,16,6,0,0,6722,1354,5143,449,101,2,0,0,7049,13771
10,Umbria,48,1688,4658,322,30,5,0,0,6703,1225,5062,450,110,1,0,0,6848,13551
10,Umbria,49,1600,4836,313,31,1,0,0,6781,1213,5379,526,116,0,0,0,7234,14015
10,Umbria,50,1492,4860,335,28,3,0,0,6718,1138,5399,528,190,0,0,1,7256,13974
10,Umbria,51,1354,4896,356,30,3,0,0,6639,1102,5456,500,156,1,0,0,7215,13854
10,Umbria,52,1388,4916,361,49,9,0,0,6723,977,5403,523,184,2,0,0,7089,13812
10,Umbria,53,1287,5243,365,57,4,0,0,6956,990,5581,536,242,1,0,0,7350,14306
10,Umbria,54,1141,5388,411,54,2,0,0,6996,874,5663,569,279,2,0,0,7387,14383
10,Umbria,55,1005,4948,359,69,6,0,0,6387,817,5433,505,257,0,0,0,7012,13399
10,Umbria,56,962,4900,380,59,3,0,0,6304,670,5304,519,306,1,0,0,6800,13104
10,Umbria,57,897,4988,371,76,3,0,0,6335,672,5221,481,364,0,0,0,6738,13073
10,Umbria,58,785,4953,364,79,1,0,0,6182,630,5197,501,361,1,0,0,6690,12872
10,Umbria,59,725,4763,328,98,2,0,0,5916,622,4977,436,415,0,0,0,6450,12366
10,Umbria,60,707,4508,284,85,6,0,0,5590,539,4682,423,434,0,0,0,6078,11668
10,Umbria,61,629,4389,305,110,3,0,0,5436,495,4574,393,503,0,1,0,5966,11402
10,Umbria,62,559,4581,283,127,4,0,0,5554,492,4626,374,526,1,0,0,6019,11573
10,Umbria,63,572,4462,236,138,0,0,0,5408,427,4615,347,543,0,0,0,5932,11340
10,Umbria,64,490,4328,256,130,1,0,0,5205,397,4470,296,638,0,0,0,5801,11006
10,Umbria,65,485,4326,223,151,3,0,0,5188,393,4237,291,746,0,0,0,5667,10855
10,Umbria,66,411,4060,208,150,1,0,0,4830,368,4028,259,744,0,0,0,5399,10229
10,Umbria,67,432,4281,209,164,1,0,0,5087,335,4149,281,848,0,0,0,5613,10700
10,Umbria,68,403,4341,206,224,4,0,0,5178,346,4165,261,904,1,0,0,5677,10855
10,Umbria,69,382,4510,203,229,1,0,0,5325,336,4207,266,1048,0,0,0,5857,11182
10,Umbria,70,387,4840,183,260,3,0,0,5673,351,4404,217,1230,0,0,0,6202,11875
10,Umbria,71,398,4412,140,294,0,0,0,5244,299,3964,189,1273,0,0,0,5725,10969
10,Umbria,72,362,4107,135,305,1,0,0,4910,268,3781,183,1361,0,0,0,5593,10503
10,Umbria,73,288,3267,87,241,1,0,0,3884,213,2918,156,1205,0,0,0,4492,8376
10,Umbria,74,292,3364,79,288,1,0,0,4024,260,2992,121,1450,0,0,0,4823,8847
10,Umbria,75,290,3582,78,331,1,0,0,4282,239,2941,108,1614,0,0,0,4902,9184
10,Umbria,76,284,3196,87,326,0,0,0,3893,208,2550,122,1647,1,0,0,4528,8421
10,Umbria,77,274,3151,64,368,0,0,0,3857,223,2507,100,1774,0,0,0,4604,8461
10,Umbria,78,289,3468,71,402,0,0,0,4230,251,2552,106,2189,0,0,0,5098,9328
10,Umbria,79,260,3155,56,455,1,0,0,3927,258,2391,99,2320,0,0,0,5068,8995
10,Umbria,80,256,3152,57,491,0,0,0,3956,205,2125,82,2582,0,0,0,4994,8950
10,Umbria,81,191,2606,38,425,1,0,0,3261,196,1753,76,2566,0,0,0,4591,7852
10,Umbria,82,177,2231,32,428,0,0,0,2868,185,1451,54,2444,0,0,0,4134,7002
10,Umbria,83,192,2142,36,480,0,0,0,2850,211,1259,42,2585,0,0,0,4097,6947
10,Umbria,84,179,1927,28,478,1,0,0,2613,203,1046,30,2627,0,0,0,3906,6519
10,Umbria,85,150,1715,23,481,0,0,0,2369,165,846,34,2598,0,0,0,3643,6012
10,Umbria,86,112,1441,15,459,0,0,0,2027,163,625,31,2350,0,0,0,3169,5196
10,Umbria,87,98,1261,12,495,1,0,0,1867,145,497,31,2554,0,0,0,3227,5094
10,Umbria,88,86,1064,8,454,1,0,0,1613,130,423,23,2475,0,0,0,3051,4664
10,Umbria,89,52,770,6,363,0,0,0,1191,126,260,25,2077,0,0,0,2488,3679
10,Umbria,90,56,605,8,351,0,0,0,1020,109,199,12,1825,0,0,0,2145,3165
10,Umbria,91,44,472,8,307,0,0,0,831,112,158,11,1735,0,0,0,2016,2847
10,Umbria,92,36,338,3,302,0,0,0,679,102,95,13,1405,0,0,0,1615,2294
10,Umbria,93,24,272,2,241,0,0,0,539,66,53,9,1258,0,0,0,1386,1925
10,Umbria,94,24,171,0,197,0,0,0,392,72,49,7,959,0,0,0,1087,1479
10,Umbria,95,8,97,0,142,0,0,0,247,52,22,6,736,0,0,0,816,1063
10,Umbria,96,9,58,0,100,0,0,0,167,36,16,6,540,0,0,0,598,765
10,Umbria,97,4,39,1,82,0,0,0,126,22,11,1,419,0,0,0,453,579
10,Umbria,98,3,19,1,50,0,0,0,73,18,5,1,282,0,0,0,306,379
10,Umbria,99,0,13,0,14,0,0,0,27,10,2,0,146,0,0,0,158,185
10,Umbria,100,2,10,0,19,0,0,0,31,28,6,2,187,0,0,0,223,254
5,Veneto,0,18201,0,0,0,0,0,0,18201,17241,0,0,0,0,0,0,17241,35442
5,Veneto,1,19091,0,0,0,0,0,0,19091,17933,0,0,0,0,0,0,17933,37024
5,Veneto,2,19739,0,0,0,0,0,0,19739,18593,0,0,0,0,0,0,18593,38332
5,Veneto,3,20194,0,0,0,0,0,0,20194,19283,0,0,0,0,0,0,19283,39477
5,Veneto,4,20826,0,0,0,0,0,0,20826,19959,0,0,0,0,0,0,19959,40785
5,Veneto,5,21513,0,0,0,0,0,0,21513,20398,0,0,0,0,0,0,20398,41911
5,Veneto,6,22628,0,0,0,0,0,0,22628,21421,0,0,0,0,0,0,21421,44049
5,Veneto,7,22965,0,0,0,0,0,0,22965,21861,0,0,0,0,0,0,21861,44826
5,Veneto,8,23817,0,0,0,0,0,0,23817,22392,0,0,0,0,0,0,22392,46209
5,Veneto,9,24128,0,0,0,0,0,0,24128,22743,0,0,0,0,0,0,22743,46871
5,Veneto,10,24579,0,0,0,0,0,0,24579,23320,0,0,0,0,0,0,23320,47899
5,Veneto,11,24197,0,0,0,0,0,0,24197,23106,0,0,0,0,0,0,23106,47303
5,Veneto,12,24364,0,0,0,0,0,0,24364,22947,0,0,0,0,0,0,22947,47311
5,Veneto,13,24248,0,0,0,0,0,0,24248,22662,0,0,0,0,0,0,22662,46910
5,Veneto,14,24503,0,0,0,0,0,0,24503,23053,0,0,0,0,0,0,23053,47556
5,Veneto,15,23924,0,0,0,0,0,0,23924,22703,0,0,0,0,0,0,22703,46627
5,Veneto,16,23842,0,0,0,0,0,0,23842,22243,0,0,0,0,0,0,22243,46085
5,Veneto,17,23749,0,0,0,0,0,0,23749,22086,1,0,0,0,0,0,22087,45836
5,Veneto,18,24704,0,0,0,0,0,0,24704,23008,51,0,0,0,0,0,23059,47763
5,Veneto,19,24322,6,0,0,0,0,0,24328,22678,166,0,0,0,0,0,22844,47172
5,Veneto,20,25062,23,1,1,0,0,0,25087,22454,311,2,2,0,0,0,22769,47856
5,Veneto,21,24858,68,0,2,0,0,0,24928,22297,579,3,0,1,0,0,22880,47808
5,Veneto,22,24679,145,2,1,1,0,0,24828,21697,841,3,0,4,0,0,22545,47373
5,Veneto,23,24271,285,3,1,3,0,0,24563,20772,1314,11,4,2,0,0,22103,46666
5,Veneto,24,23818,460,7,2,1,0,0,24288,20717,1854,16,4,2,0,0,22593,46881
5,Veneto,25,23342,817,2,1,6,0,0,24168,20645,2465,35,6,1,0,0,23152,47320
5,Veneto,26,24006,1236,12,4,4,0,0,25262,20312,3516,46,8,8,0,0,23890,49152
5,Veneto,27,23090,1809,22,0,5,0,0,24926,19259,4765,68,5,5,0,0,24102,49028
5,Veneto,28,22944,2740,17,1,10,0,0,25712,18242,6161,81,16,5,0,0,24505,50217
5,Veneto,29,21465,3790,39,5,9,0,0,25308,16938,7658,154,14,11,0,0,24775,50083
5,Veneto,30,20726,4953,69,6,10,0,0,25764,15776,9531,205,18,13,0,0,25543,51307
5,Veneto,31,18856,6195,93,7,15,0,0,25166,13962,10366,246,19,11,0,0,24604,49770
5,Veneto,32,17815,7200,101,6,21,1,0,25144,13203,11650,318,21,14,0,0,25206,50350
5,Veneto,33,17631,8594,182,9,13,0,0,26429,12753,13323,442,39,17,0,1,26575,53004
5,Veneto,34,16451,9782,190,6,18,0,0,26447,11865,14317,483,46,9,0,0,26720,53167
5,Veneto,35,15948,11089,260,7,19,0,0,27323,11104,15169,587,70,12,0,0,26942,54265
5,Veneto,36,15277,12332,330,8,15,0,0,27962,10990,16648,756,86,10,0,0,28490,56452
5,Veneto,37,14931,13467,436,23,16,0,0,28873,10481,17348,825,106,14,0,0,28774,57647
5,Veneto,38,14671,14790,525,19,17,0,0,30022,9856,18255,1027,113,15,0,0,29266,59288
5,Veneto,39,14423,15957,645,24,21,0,0,31070,9900,19511,1178,123,20,0,0,30732,61802
5,Veneto,40,15069,17371,766,30,20,0,1,33257,10270,21063,1412,155,11,0,0,32911,66168
5,Veneto,41,14657,18577,874,34,27,0,0,34169,9989,22412,1593,212,10,0,0,34216,68385
5,Veneto,42,14759,20162,1060,37,21,0,0,36039,9551,23955,1826,225,12,0,0,35569,71608
5,Veneto,43,14700,21896,1273,53,25,0,0,37947,9595,25245,2128,287,20,0,0,37275,75222
5,Veneto,44,14803,23884,1424,68,26,0,0,40205,9974,27001,2362,356,11,0,0,39704,79909
5,Veneto,45,13893,24218,1706,88,20,0,0,39925,9105,27422,2419,375,15,0,0,39336,79261
5,Veneto,46,13281,25511,1845,120,26,0,0,40783,8732,27745,2649,448,17,0,0,39591,80374
5,Veneto,47,12664,26122,1993,124,20,1,0,40924,8375,28807,2824,511,17,1,1,40536,81460
5,Veneto,48,11765,27121,2072,131,20,0,0,41109,7674,29170,3003,535,8,0,0,40390,81499
5,Veneto,49,11050,28531,2450,165,27,0,0,42223,7346,30362,3121,675,12,0,0,41516,83739
5,Veneto,50,10246,28668,2365,170,22,0,0,41471,6980,30350,3190,807,6,0,0,41333,82804
5,Veneto,51,9628,29549,2481,217,20,0,2,41897,6703,30616,3336,843,11,0,0,41509,83406
5,Veneto,52,9110,30022,2650,268,29,0,0,42079,6266,31153,3378,949,15,1,0,41762,83841
5,Veneto,53,8458,30578,2775,303,26,0,0,42140,5958,31266,3450,1136,16,0,0,41826,83966
5,Veneto,54,7759,30967,2890,314,15,1,0,41946,5695,31977,3558,1343,7,0,0,42580,84526
5,Veneto,55,6930,29436,2679,317,20,0,0,39382,4941,30313,3227,1348,10,0,0,39839,79221
5,Veneto,56,6014,28787,2618,411,28,0,0,37858,4603,29086,3039,1602,5,0,0,38335,76193
5,Veneto,57,5774,28151,2512,456,20,0,0,36913,4238,28622,3055,1755,4,1,0,37675,74588
5,Veneto,58,4982,27111,2181,435,28,0,0,34737,3698,27410,2765,1856,7,0,0,35736,70473
5,Veneto,59,4649,27064,2263,506,15,0,0,34497,3547,27271,2503,2144,6,0,0,35471,69968
5,Veneto,60,4170,25439,1995,475,14,0,0,32093,3103,25777,2274,2302,4,0,0,33460,65553
5,Veneto,61,3903,25087,1892,548,18,0,0,31448,2991,24888,2215,2566,7,0,0,32667,64115
5,Veneto,62,3575,24611,1760,604,14,0,0,30564,2860,24508,2084,2818,2,0,0,32272,62836
5,Veneto,63,3210,23788,1601,679,12,1,0,29291,2536,23756,1897,2980,4,0,0,31173,60464
5,Veneto,64,3095,23597,1492,803,16,0,0,29003,2316,22996,1802,3327,2,0,0,30443,59446
5,Veneto,65,2699,23089,1323,816,11,0,0,27938,2051,22114,1655,3537,2,0,1,29360,57298
5,Veneto,66,2595,22420,1244,917,12,0,0,27188,2002,21726,1447,3877,1,0,0,29053,56241
5,Veneto,67,2444,22278,1133,972,15,0,1,26843,1860,20983,1382,4179,3,0,1,28408,55251
5,Veneto,68,2495,22739,1081,1071,10,0,0,27396,1894,21917,1381,4859,3,0,0,30054,57450
5,Veneto,69,2223,22646,1057,1220,9,0,1,27156,1837,20901,1218,5320,2,0,0,29278,56434
5,Veneto,70,2269,22915,951,1355,10,0,1,27501,1819,21227,1194,6039,1,0,0,30280,57781
5,Veneto,71,2080,22247,843,1494,8,0,0,26672,1781,19853,1158,6726,0,0,0,29518,56190
5,Veneto,72,2257,23764,878,1689,9,1,0,28598,1837,21116,1054,7833,0,0,0,31840,60438
5,Veneto,73,1423,15787,560,1289,5,0,0,19064,1308,13970,764,6005,0,0,0,22047,41111
5,Veneto,74,1664,18193,578,1512,5,0,0,21952,1476,15380,682,7675,0,0,0,25213,47165
5,Veneto,75,1627,17903,505,1757,6,0,0,21798,1521,15124,712,8503,0,0,0,25860,47658
5,Veneto,76,1583,16783,455,1833,6,0,1,20661,1598,13823,676,8924,0,0,0,25021,45682
5,Veneto,77,1553,16343,426,1971,5,0,0,20298,1530,12610,569,9791,0,0,1,24501,44799
5,Veneto,78,1515,16646,405,2194,3,0,0,20763,1565,12573,549,11177,0,0,0,25864,46627
5,Veneto,79,1422,15909,330,2326,1,0,0,19988,1538,11022,476,11691,0,0,0,24727,44715
5,Veneto,80,1287,14248,287,2297,2,0,0,18121,1516,9729,425,12309,0,0,0,23979,42100
5,Veneto,81,1037,12282,202,2199,3,1,0,15724,1403,7848,349,11895,0,0,0,21495,37219
5,Veneto,82,977,10386,169,2042,2,0,0,13576,1406,6325,273,11840,0,0,0,19844,33420
5,Veneto,83,842,9990,160,2160,1,0,0,13153,1328,5446,247,12386,0,1,0,19408,32561
5,Veneto,84,785,8687,127,2137,1,0,0,11737,1273,4572,207,12155,0,0,0,18207,29944
5,Veneto,85,691,6955,119,2045,0,0,0,9810,1220,3290,191,11407,0,0,0,16108,25918
5,Veneto,86,569,5892,81,1960,0,0,0,8502,1195,2779,159,11390,0,0,0,15523,24025
5,Veneto,87,463,4982,59,1870,0,0,0,7374,1140,2090,109,10876,0,0,0,14215,21589
5,Veneto,88,432,4283,50,1784,1,0,0,6550,1157,1617,124,10843,0,0,0,13741,20291
5,Veneto,89,350,3161,39,1531,0,0,0,5081,975,1066,104,9038,0,0,0,11183,16264
5,Veneto,90,251,2489,30,1304,0,0,0,4074,892,770,68,8510,0,0,0,10240,14314
5,Veneto,91,199,1870,26,1248,0,0,0,3343,867,584,59,7477,0,0,0,8987,12330
5,Veneto,92,151,1323,18,967,0,0,0,2459,650,354,55,6171,0,0,0,7230,9689
5,Veneto,93,126,887,9,828,0,0,0,1850,584,251,35,5078,0,0,0,5948,7798
5,Veneto,94,80,577,10,660,0,0,0,1327,499,149,28,3896,0,0,0,4572,5899
5,Veneto,95,53,428,8,553,0,0,0,1042,369,98,29,3227,0,0,0,3723,4765
5,Veneto,96,36,238,2,360,0,0,0,636,294,61,11,2338,0,0,0,2704,3340
5,Veneto,97,31,129,1,250,0,0,0,411,204,21,7,1700,0,0,0,1932,2343
5,Veneto,98,17,68,2,166,0,0,0,253,156,13,6,1159,0,0,0,1334,1587
5,Veneto,99,6,33,0,74,0,0,0,113,83,0,3,508,0,0,0,594,707
5,Veneto,100,6,28,0,87,0,0,0,121,123,9,7,802,0,0,0,941,1062
